,epoch,training_loss,test_acc,epoch_train_time,total_train_time,lr
0,0,-1.0,10.0,-1.0,-1.0,-1.0
1,1,0.350341796875,-1.0,11.56273603439331,11.56273603439331,0.01
2,2,0.324462890625,-1.0,11.19012188911438,22.75285792350769,0.01
3,3,0.401123046875,-1.0,10.8164644241333,33.56932234764099,0.01
4,4,0.28759765625,-1.0,11.187098026275635,44.756420373916626,0.01
5,5,0.2861328125,-1.0,10.907348155975342,55.66376852989197,0.01
6,6,0.04058837890625,-1.0,11.239712715148926,66.9034812450409,0.01
7,7,0.1461181640625,-1.0,11.213686227798462,78.11716747283936,0.01
8,8,0.26513671875,-1.0,10.948251485824585,89.06541895866394,0.01
9,9,0.214111328125,-1.0,11.00851035118103,100.07392930984497,0.01
10,10,0.0797119140625,-1.0,11.641026735305786,111.71495604515076,0.01
11,11,0.141845703125,-1.0,11.017226696014404,122.73218274116516,0.01
12,12,0.118896484375,-1.0,11.576768398284912,134.30895113945007,0.01
13,13,0.1395263671875,-1.0,11.338300704956055,145.64725184440613,0.01
14,14,0.1544189453125,-1.0,10.895550966262817,156.54280281066895,0.01
15,15,0.0161285400390625,-1.0,10.899524211883545,167.4423270225525,0.01
16,16,0.053375244140625,-1.0,11.31469178199768,178.75701880455017,0.01
17,17,0.040557861328125,-1.0,10.76064419746399,189.51766300201416,0.01
18,18,0.122802734375,-1.0,11.516570568084717,201.03423357009888,0.01
19,19,0.1097412109375,-1.0,11.257240295410156,212.29147386550903,0.01
20,20,0.01105499267578125,90.43,11.230089902877808,223.52156376838684,0.01
21,21,0.11370849609375,-1.0,11.199130535125732,234.72069430351257,0.01
22,22,0.086669921875,-1.0,11.40932583808899,246.13002014160156,0.01
23,23,0.06378173828125,-1.0,11.22492504119873,257.3549451828003,0.01
24,24,0.0249786376953125,-1.0,10.909635543823242,268.26458072662354,0.01
25,25,0.06378173828125,-1.0,11.242756605148315,279.50733733177185,0.01
26,26,0.246337890625,-1.0,11.493728876113892,291.00106620788574,0.01
27,27,0.044708251953125,-1.0,11.687742233276367,302.6888084411621,0.01
28,28,0.0197906494140625,-1.0,11.041482210159302,313.7302906513214,0.01
29,29,0.10186767578125,-1.0,10.737591981887817,324.46788263320923,0.01
30,30,0.0281219482421875,-1.0,10.916239023208618,335.38412165641785,0.01
31,31,0.0241241455078125,-1.0,11.050734519958496,346.43485617637634,0.01
32,32,0.03424072265625,-1.0,10.829164981842041,357.2640211582184,0.01
33,33,0.0279083251953125,-1.0,11.216885089874268,368.48090624809265,0.01
34,34,0.0361328125,-1.0,11.31430983543396,379.7952160835266,0.01
35,35,0.0192718505859375,-1.0,11.518592119216919,391.31380820274353,0.01
36,36,0.022430419921875,-1.0,10.974517345428467,402.288325548172,0.01
37,37,0.030120849609375,-1.0,11.321803092956543,413.61012864112854,0.01
38,38,0.08050537109375,-1.0,11.04503321647644,424.655161857605,0.01
39,39,0.008270263671875,-1.0,10.890490293502808,435.5456521511078,0.01
40,40,0.0286712646484375,90.02,11.445828914642334,446.9914810657501,0.01
41,41,0.0250701904296875,-1.0,11.393868207931519,458.38534927368164,0.01
42,42,0.0782470703125,-1.0,11.559929847717285,469.9452791213989,0.01
43,43,0.0183258056640625,-1.0,11.348926544189453,481.2942056655884,0.01
44,44,0.0259552001953125,-1.0,11.31777310371399,492.61197876930237,0.01
45,45,0.0198211669921875,-1.0,11.09978199005127,503.71176075935364,0.01
46,46,0.040924072265625,-1.0,11.827544212341309,515.539304971695,0.01
47,47,0.0200042724609375,-1.0,11.505768775939941,527.0450737476349,0.01
48,48,0.05487060546875,-1.0,10.828853845596313,537.8739275932312,0.01
49,49,0.0027027130126953125,-1.0,11.01475477218628,548.8886823654175,0.01
50,50,0.01215362548828125,-1.0,11.235394954681396,560.1240773200989,0.01
51,51,0.035888671875,-1.0,10.884694576263428,571.0087718963623,0.01
52,52,0.01226806640625,-1.0,11.349856853485107,582.3586287498474,0.01
53,53,0.031890869140625,-1.0,11.175063371658325,593.5336921215057,0.01
54,54,0.154541015625,-1.0,11.469974040985107,605.0036661624908,0.01
55,55,0.06268310546875,-1.0,11.626937627792358,616.6306037902832,0.01
56,56,0.105712890625,-1.0,11.347081184387207,627.9776849746704,0.01
57,57,0.0158843994140625,-1.0,11.338031530380249,639.3157165050507,0.01
58,58,0.01035308837890625,-1.0,11.15981650352478,650.4755330085754,0.01
59,59,0.00728607177734375,-1.0,10.943119525909424,661.4186525344849,0.01
60,60,0.0038547515869140625,90.46,11.596855878829956,673.0155084133148,0.01
61,61,0.00124359130859375,-1.0,11.508725881576538,684.5242342948914,0.01
62,62,0.03582763671875,-1.0,11.269473552703857,695.7937078475952,0.01
63,63,0.0013170242309570312,-1.0,11.17503023147583,706.968738079071,0.01
64,64,0.003849029541015625,-1.0,10.929367303848267,717.8981053829193,0.01
65,65,0.0247039794921875,-1.0,11.073007106781006,728.9711124897003,0.01
66,66,0.0008392333984375,-1.0,11.100127220153809,740.0712397098541,0.01
67,67,0.0223541259765625,-1.0,11.107633352279663,751.1788730621338,0.01
68,68,0.140869140625,-1.0,11.257503986358643,762.4363770484924,0.01
69,69,0.0489501953125,-1.0,11.380042552947998,773.8164196014404,0.01
70,70,0.04522705078125,-1.0,11.418677568435669,785.2350971698761,0.01
71,71,0.0152435302734375,-1.0,11.242324590682983,796.4774217605591,0.01
72,72,0.01509857177734375,-1.0,11.110958814620972,807.58838057518,0.01
73,73,0.00861358642578125,-1.0,11.900084972381592,819.4884655475616,0.01
74,74,0.0877685546875,-1.0,11.137210369110107,830.6256759166718,0.01
75,75,0.001941680908203125,-1.0,11.202487468719482,841.8281633853912,0.01
76,76,0.045013427734375,-1.0,11.165830135345459,852.9939935207367,0.01
77,77,0.060211181640625,-1.0,10.99439263343811,863.9883861541748,0.01
78,78,0.10699462890625,-1.0,11.29437255859375,875.2827587127686,0.01
79,79,0.0172576904296875,-1.0,11.396055221557617,886.6788139343262,0.01
80,80,0.0047149658203125,91.17,11.13443112373352,897.8132450580597,0.01
81,81,0.011138916015625,-1.0,11.097148895263672,908.9103939533234,0.01
82,82,0.0008482933044433594,-1.0,11.503427267074585,920.413821220398,0.01
83,83,0.0148773193359375,-1.0,11.397889614105225,931.8117108345032,0.01
84,84,0.009063720703125,-1.0,11.402833938598633,943.2145447731018,0.01
85,85,0.01247406005859375,-1.0,11.253954410552979,954.4684991836548,0.01
86,86,0.0201568603515625,-1.0,10.978743553161621,965.4472427368164,0.01
87,87,0.00232696533203125,-1.0,11.478979110717773,976.9262218475342,0.01
88,88,0.01441192626953125,-1.0,11.284195184707642,988.2104170322418,0.01
89,89,0.0176849365234375,-1.0,11.106721639633179,999.317138671875,0.01
90,90,0.00420379638671875,-1.0,11.046967029571533,1010.3641057014465,0.01
91,91,0.0177459716796875,-1.0,11.22284197807312,1021.5869476795197,0.01
92,92,0.011688232421875,-1.0,11.144522428512573,1032.7314701080322,0.01
93,93,0.050994873046875,-1.0,11.349979639053345,1044.0814497470856,0.01
94,94,0.00511932373046875,-1.0,10.979480504989624,1055.0609302520752,0.01
95,95,0.00685882568359375,-1.0,11.506231307983398,1066.5671615600586,0.01
96,96,0.005458831787109375,-1.0,11.152010917663574,1077.7191724777222,0.01
97,97,0.06884765625,-1.0,11.47788691520691,1089.197059392929,0.01
98,98,0.0004782676696777344,-1.0,11.490252256393433,1100.6873116493225,0.01
99,99,0.0078887939453125,-1.0,11.041473150253296,1111.7287847995758,0.01
100,100,0.009765625,90.65,11.09203815460205,1122.8208229541779,0.01
101,101,0.010772705078125,-1.0,11.839627504348755,1134.6604504585266,0.01
102,102,0.0015468597412109375,-1.0,11.326214790344238,1145.9866652488708,0.01
103,103,0.005786895751953125,-1.0,11.46307110786438,1157.4497363567352,0.01
104,104,0.0010080337524414062,-1.0,11.263160467147827,1168.712896823883,0.01
105,105,0.02496337890625,-1.0,11.137585401535034,1179.850482225418,0.01
106,106,0.01251220703125,-1.0,11.292574167251587,1191.1430563926697,0.01
107,107,0.0013427734375,-1.0,11.234432458877563,1202.3774888515472,0.01
108,108,0.01250457763671875,-1.0,10.938687562942505,1213.3161764144897,0.01
109,109,0.0006122589111328125,-1.0,10.963055849075317,1224.279232263565,0.01
110,110,0.035736083984375,-1.0,11.021347999572754,1235.3005802631378,0.01
111,111,0.00485992431640625,-1.0,11.371528625488281,1246.672108888626,0.01
112,112,0.004795074462890625,-1.0,11.22226071357727,1257.8943696022034,0.01
113,113,0.012603759765625,-1.0,11.202956438064575,1269.097326040268,0.01
114,114,0.0019702911376953125,-1.0,11.31203317642212,1280.40935921669,0.01
115,115,0.006175994873046875,-1.0,11.438660383224487,1291.8480195999146,0.01
116,116,0.0021800994873046875,-1.0,10.94525694847107,1302.7932765483856,0.01
117,117,0.0005164146423339844,-1.0,11.298641920089722,1314.0919184684753,0.01
118,118,0.040283203125,-1.0,11.317924976348877,1325.4098434448242,0.01
119,119,8.225440979003906e-05,-1.0,11.082075595855713,1336.49191904068,0.01
