,epoch,training_loss,test_acc,epoch_train_time,total_train_time,lr
0,0,-1.0,0.0,-1.0,-1.0,-1.0
1,1,1.670003890991211,-1.0,39.547083139419556,39.547083139419556,0.01
2,2,1.5901952981948853,-1.0,39.49379086494446,79.04087400436401,0.01
3,3,1.0192561149597168,-1.0,39.540221214294434,118.58109521865845,0.01
4,4,0.9741272926330566,-1.0,39.51389765739441,158.09499287605286,0.01
5,5,0.7704906463623047,-1.0,39.53031921386719,197.62531208992004,0.01
6,6,1.4036180973052979,-1.0,39.50246071815491,237.12777280807495,0.01
7,7,0.813203752040863,-1.0,39.552154541015625,276.6799273490906,0.01
8,8,0.9671472311019897,-1.0,39.54652738571167,316.22645473480225,0.01
9,9,0.8669788241386414,-1.0,39.50752401351929,355.73397874832153,0.01
10,10,0.8454868197441101,69.91,39.496288537979126,395.23026728630066,0.01
11,11,0.5167969465255737,-1.0,39.586233139038086,434.81650042533875,0.01
12,12,0.5514305233955383,-1.0,39.511045932769775,474.3275463581085,0.01
13,13,0.7305152416229248,-1.0,39.49931073188782,513.8268570899963,0.01
14,14,0.8388064503669739,-1.0,39.53026604652405,553.3571231365204,0.01
15,15,1.2230198383331299,-1.0,39.50837516784668,592.8654983043671,0.01
16,16,0.4731610417366028,-1.0,39.49432706832886,632.3598253726959,0.01
17,17,0.6849059462547302,-1.0,39.50155711174011,671.861382484436,0.01
18,18,1.1072523593902588,-1.0,39.49451732635498,711.355899810791,0.01
19,19,0.5887064337730408,-1.0,39.546080350875854,750.9019801616669,0.01
20,20,0.89524245262146,72.99,39.50845265388489,790.4104328155518,0.01
21,21,0.6934069395065308,-1.0,39.534968852996826,829.9454016685486,0.01
22,22,0.3555071949958801,-1.0,39.559348583221436,869.50475025177,0.01
23,23,0.6026142239570618,-1.0,39.50395107269287,909.0087013244629,0.01
24,24,0.6907020807266235,-1.0,39.52265286445618,948.5313541889191,0.01
25,25,1.1290829181671143,-1.0,39.50978875160217,988.0411429405212,0.01
26,26,0.4965413212776184,-1.0,39.50025773048401,1027.5414006710052,0.01
27,27,1.2091901302337646,-1.0,39.49449110031128,1067.0358917713165,0.01
28,28,0.5983936786651611,-1.0,39.531376123428345,1106.5672678947449,0.01
29,29,0.8941439986228943,-1.0,39.55668663978577,1146.1239545345306,0.01
30,30,0.8591070771217346,74.57,39.508031368255615,1185.6319859027863,0.01
31,31,0.760931134223938,-1.0,39.49632978439331,1225.1283156871796,0.01
32,32,0.954437255859375,-1.0,39.52308392524719,1264.6513996124268,0.01
33,33,0.7043280005455017,-1.0,39.530617475509644,1304.1820170879364,0.01
34,34,0.5997449159622192,-1.0,39.5110399723053,1343.6930570602417,0.01
35,35,0.5612291097640991,-1.0,39.51363182067871,1383.2066888809204,0.01
36,36,0.8642700910568237,-1.0,39.582130908966064,1422.7888197898865,0.01
37,37,0.6733072400093079,-1.0,39.53366231918335,1462.3224821090698,0.01
38,38,0.9401598572731018,-1.0,39.5042405128479,1501.8267226219177,0.01
39,39,1.215413212776184,-1.0,39.517900466918945,1541.3446230888367,0.01
40,40,0.7727178335189819,73.59,39.52341079711914,1580.8680338859558,0.01
41,41,0.7663938403129578,-1.0,39.51596283912659,1620.3839967250824,0.01
42,42,0.8459632992744446,-1.0,39.53511452674866,1659.919111251831,0.01
43,43,1.15103280544281,-1.0,39.51237368583679,1699.4314849376678,0.01
44,44,1.3290619850158691,-1.0,39.505863189697266,1738.937348127365,0.01
45,45,0.3921739459037781,-1.0,39.49243092536926,1778.4297790527344,0.01
46,46,1.5707614421844482,-1.0,39.49699902534485,1817.9267780780792,0.01
47,47,0.394455224275589,-1.0,39.49448847770691,1857.4212665557861,0.01
48,48,0.9359009861946106,-1.0,39.529990434646606,1896.9512569904327,0.01
49,49,0.7007402777671814,-1.0,39.52060127258301,1936.4718582630157,0.01
50,50,0.8443794250488281,73.2,39.52104377746582,1975.9929020404816,0.01
51,51,0.7277234196662903,-1.0,39.490254640579224,2015.4831566810608,0.01
52,52,1.1207005977630615,-1.0,39.50225043296814,2054.985407114029,0.01
53,53,1.159562349319458,-1.0,39.49586057662964,2094.4812676906586,0.01
54,54,0.7427921295166016,-1.0,39.46651649475098,2133.9477841854095,0.01
55,55,0.6451708674430847,-1.0,39.4886679649353,2173.436452150345,0.01
56,56,0.49960288405418396,-1.0,39.48143029212952,2212.9178824424744,0.01
57,57,1.0532842874526978,-1.0,39.46005034446716,2252.3779327869415,0.01
58,58,0.8834795951843262,-1.0,39.476386070251465,2291.854318857193,0.01
59,59,0.874934196472168,-1.0,39.46750998497009,2331.321828842163,0.01
60,60,1.3550810813903809,71.59,39.461097240448,2370.782926082611,0.01
61,61,1.0885282754898071,-1.0,39.507365226745605,2410.2902913093567,0.01
62,62,1.1672677993774414,-1.0,39.457472801208496,2449.747764110565,0.01
63,63,0.7148448824882507,-1.0,39.4670774936676,2489.214841604233,0.01
64,64,0.8801264762878418,-1.0,39.47425580024719,2528.68909740448,0.01
65,65,0.8873041868209839,-1.0,39.46044158935547,2568.1495389938354,0.01
66,66,0.6168271899223328,-1.0,39.47639274597168,2607.625931739807,0.01
67,67,0.8739932775497437,-1.0,39.47693729400635,2647.1028690338135,0.01
68,68,0.7643630504608154,-1.0,39.481579303741455,2686.584448337555,0.01
69,69,1.0517101287841797,-1.0,39.495832443237305,2726.0802807807922,0.01
70,70,1.029005527496338,68.76,39.46599268913269,2765.546273469925,0.01
71,71,1.287300944328308,-1.0,39.46518850326538,2805.0114619731903,0.01
72,72,0.8011958599090576,-1.0,39.504372358322144,2844.5158343315125,0.01
73,73,1.0939791202545166,-1.0,39.51328992843628,2884.0291242599487,0.01
74,74,0.5057306289672852,-1.0,39.539422273635864,2923.5685465335846,0.01
75,75,1.1205456256866455,-1.0,39.50588393211365,2963.0744304656982,0.01
76,76,0.5009590983390808,-1.0,39.50040578842163,3002.57483625412,0.01
77,77,1.0241990089416504,-1.0,39.52839231491089,3042.1032285690308,0.01
78,78,0.5886003375053406,-1.0,39.45713496208191,3081.5603635311127,0.01
79,79,1.4566775560379028,-1.0,39.45713567733765,3121.0174992084503,0.01
80,80,0.6649075746536255,69.7,39.469085454940796,3160.486584663391,0.01
81,81,0.5718157887458801,-1.0,39.50091910362244,3199.9875037670135,0.01
82,82,1.0339546203613281,-1.0,39.49085521697998,3239.4783589839935,0.01
83,83,1.8755513429641724,-1.0,39.494231939315796,3278.9725909233093,0.01
84,84,0.46350547671318054,-1.0,39.48127841949463,3318.453869342804,0.01
85,85,0.35772305727005005,-1.0,39.48296093940735,3357.9368302822113,0.01
86,86,0.9960829019546509,-1.0,39.46996235847473,3397.406792640686,0.01
87,87,0.6234551668167114,-1.0,39.49786639213562,3436.9046590328217,0.01
88,88,1.1304761171340942,-1.0,39.483885288238525,3476.38854432106,0.01
89,89,1.1045211553573608,-1.0,39.58861589431763,3515.977160215378,0.01
90,90,0.6312774419784546,72.77,39.46753716468811,3555.444697380066,0.01
91,91,0.5355658531188965,-1.0,39.492231607437134,3594.936928987503,0.01
92,92,0.5222568511962891,-1.0,39.48657155036926,3634.4235005378723,0.01
93,93,0.7504462003707886,-1.0,39.5055832862854,3673.9290838241577,0.01
94,94,0.9543420076370239,-1.0,39.45992350578308,3713.389007329941,0.01
95,95,1.3756325244903564,-1.0,39.466270208358765,3752.8552775382996,0.01
96,96,0.599554717540741,-1.0,39.484435081481934,3792.3397126197815,0.01
97,97,0.8363865613937378,-1.0,39.46806979179382,3831.8077824115753,0.01
98,98,1.0658015012741089,-1.0,39.4745774269104,3871.2823598384857,0.01
99,99,0.8200938105583191,-1.0,39.481669664382935,3910.7640295028687,0.01
100,100,0.8580322265625,73.92,39.47327542304993,3950.2373049259186,0.01
101,101,0.5744463205337524,-1.0,39.47324848175049,3989.710553407669,0.01
102,102,0.8396260142326355,-1.0,39.45874738693237,4029.1693007946014,0.01
103,103,1.0060875415802002,-1.0,39.47566819190979,4068.6449689865112,0.01
104,104,0.7778545618057251,-1.0,39.49617791175842,4108.14114689827,0.01
105,105,2.0242953300476074,-1.0,39.46754693984985,4147.6086938381195,0.01
106,106,0.7718942165374756,-1.0,39.48729753494263,4187.095991373062,0.01
107,107,1.6312049627304077,-1.0,39.49726605415344,4226.593257427216,0.01
108,108,0.38327130675315857,-1.0,39.52068758010864,4266.113945007324,0.01
109,109,0.30464181303977966,-1.0,39.47918128967285,4305.593126296997,0.01
110,110,0.40437743067741394,71.23,39.49984836578369,4345.092974662781,0.01
111,111,0.6965700387954712,-1.0,39.491538763046265,4384.584513425827,0.01
112,112,0.44159960746765137,-1.0,39.48556113243103,4424.070074558258,0.01
113,113,0.9617299437522888,-1.0,39.49230766296387,4463.562382221222,0.01
114,114,0.7290326952934265,-1.0,39.489405155181885,4503.051787376404,0.01
115,115,1.09285569190979,-1.0,39.473095178604126,4542.524882555008,0.01
116,116,0.4207863509654999,-1.0,39.482501745224,4582.007384300232,0.01
117,117,0.9941143989562988,-1.0,39.46790289878845,4621.47528719902,0.01
118,118,0.6934318542480469,-1.0,39.465949058532715,4660.941236257553,0.01
119,119,0.5955515503883362,-1.0,39.48883056640625,4700.430066823959,0.01
120,120,0.7747277617454529,71.87,39.49379634857178,4739.923863172531,0.01
121,121,0.6733036041259766,-1.0,39.467647552490234,4779.391510725021,0.001
122,122,0.5394507646560669,-1.0,39.5012469291687,4818.89275765419,0.001
123,123,0.8988361358642578,-1.0,39.51320481300354,4858.405962467194,0.001
124,124,0.26343443989753723,-1.0,39.4720573425293,4897.878019809723,0.001
125,125,0.5902736783027649,-1.0,39.506996393203735,4937.385016202927,0.001
126,126,0.9200586676597595,-1.0,39.47787523269653,4976.862891435623,0.001
127,127,0.17566096782684326,-1.0,39.501622438430786,5016.364513874054,0.001
128,128,0.3464096784591675,-1.0,39.482314109802246,5055.846827983856,0.001
129,129,0.4052054286003113,-1.0,39.48988723754883,5095.336715221405,0.001
130,130,0.7954987287521362,78.22,39.46853160858154,5134.805246829987,0.001
131,131,0.6709548830986023,-1.0,39.49065971374512,5174.295906543732,0.001
132,132,1.669953465461731,-1.0,39.50257396697998,5213.798480510712,0.001
133,133,0.4663333594799042,-1.0,39.477293491363525,5253.275774002075,0.001
134,134,0.4040018618106842,-1.0,39.46033692359924,5292.736110925674,0.001
135,135,0.7932639122009277,-1.0,39.49302816390991,5332.229139089584,0.001
136,136,0.7063359618186951,-1.0,39.466442823410034,5371.695581912994,0.001
137,137,0.7215542793273926,-1.0,39.47108840942383,5411.166670322418,0.001
138,138,0.5960981845855713,-1.0,39.48175287246704,5450.648423194885,0.001
139,139,0.2059398591518402,-1.0,39.47321891784668,5490.121642112732,0.001
140,140,0.16211381554603577,77.93,39.467660427093506,5529.589302539825,0.001
141,141,0.3304345905780792,-1.0,39.518614053726196,5569.107916593552,0.001
142,142,0.4093952476978302,-1.0,39.476816177368164,5608.58473277092,0.001
143,143,0.5959888100624084,-1.0,39.4845027923584,5648.069235563278,0.001
144,144,0.5017896294593811,-1.0,39.46900749206543,5687.538243055344,0.001
145,145,0.32726624608039856,-1.0,39.475985527038574,5727.014228582382,0.001
146,146,0.5011216402053833,-1.0,39.457380056381226,5766.471608638763,0.001
147,147,0.7841516137123108,-1.0,39.47789406776428,5805.949502706528,0.001
148,148,0.4198574125766754,-1.0,39.47996282577515,5845.429465532303,0.001
149,149,0.30868294835090637,-1.0,39.471299171447754,5884.900764703751,0.001
150,150,0.5076198577880859,78.94,39.55186414718628,5924.452628850937,0.001
