,epoch,training_loss,test_acc,epoch_train_time,total_train_time,lr
0,0,-1.0,10.0,-1.0,-1.0,-1.0
1,1,0.3143022954463959,-1.0,10.997225761413574,10.997225761413574,0.01
2,2,0.2792362868785858,-1.0,11.166141033172607,22.16336679458618,0.01
3,3,0.3870401680469513,-1.0,11.131705522537231,33.29507231712341,0.01
4,4,0.29303425550460815,-1.0,11.292527198791504,44.58759951591492,0.01
5,5,0.28898757696151733,-1.0,11.117867708206177,55.705467224121094,0.01
6,6,0.05087948963046074,-1.0,11.205258846282959,66.91072607040405,0.01
7,7,0.09456847608089447,-1.0,11.18227219581604,78.09299826622009,0.01
8,8,0.22532439231872559,-1.0,11.79448390007019,89.88748216629028,0.01
9,9,0.22150211036205292,-1.0,11.148500204086304,101.03598237037659,0.01
10,10,0.07310749590396881,-1.0,11.5124831199646,112.54846549034119,0.01
11,11,0.09911344945430756,-1.0,10.938050270080566,123.48651576042175,0.01
12,12,0.13098952174186707,-1.0,11.087904214859009,134.57441997528076,0.01
13,13,0.12122802436351776,-1.0,10.833487033843994,145.40790700912476,0.01
14,14,0.17849504947662354,-1.0,11.092929601669312,156.50083661079407,0.01
15,15,0.023387378081679344,-1.0,11.508665084838867,168.00950169563293,0.01
16,16,0.07135694473981857,-1.0,11.944032430648804,179.95353412628174,0.01
17,17,0.021147334948182106,-1.0,11.351172924041748,191.3047070503235,0.01
18,18,0.07236196100711823,-1.0,11.389791011810303,202.6944980621338,0.01
19,19,0.09358513355255127,-1.0,11.139116525650024,213.8336145877838,0.01
20,20,0.03983750939369202,90.27,11.383181810379028,225.21679639816284,0.01
21,21,0.04117085784673691,-1.0,11.172107934951782,236.38890433311462,0.01
22,22,0.061255067586898804,-1.0,11.000388145446777,247.3892924785614,0.01
23,23,0.06802459061145782,-1.0,11.093010902404785,258.4823033809662,0.01
24,24,0.019107459113001823,-1.0,11.425316095352173,269.90761947631836,0.01
25,25,0.08814559131860733,-1.0,11.1894371509552,281.09705662727356,0.01
26,26,0.19557823240756989,-1.0,11.308560609817505,292.40561723709106,0.01
27,27,0.02789200283586979,-1.0,11.478134393692017,303.8837516307831,0.01
28,28,0.058525972068309784,-1.0,11.079212665557861,314.96296429634094,0.01
29,29,0.11114295572042465,-1.0,11.483755350112915,326.44671964645386,0.01
30,30,0.029507726430892944,-1.0,10.870796203613281,337.31751585006714,0.01
31,31,0.0074547105468809605,-1.0,10.983689069747925,348.30120491981506,0.01
32,32,0.047087669372558594,-1.0,10.945286750793457,359.2464916706085,0.01
33,33,0.07619290053844452,-1.0,11.00234580039978,370.2488374710083,0.01
34,34,0.014231587760150433,-1.0,10.740211963653564,380.98904943466187,0.01
35,35,0.00832735002040863,-1.0,11.195002555847168,392.18405199050903,0.01
36,36,0.03125447407364845,-1.0,11.150364875793457,403.3344168663025,0.01
37,37,0.03732568398118019,-1.0,11.12184762954712,414.4562644958496,0.01
38,38,0.03655299171805382,-1.0,11.299956321716309,425.7562208175659,0.01
39,39,0.009536230936646461,-1.0,11.287991285324097,437.04421210289,0.01
40,40,0.06649138778448105,89.98,10.724458932876587,447.7686710357666,0.01
41,41,0.006220685318112373,-1.0,10.645846128463745,458.41451716423035,0.01
42,42,0.05596620962023735,-1.0,11.594025373458862,470.0085425376892,0.01
43,43,0.05139849707484245,-1.0,11.447295904159546,481.45583844184875,0.01
44,44,0.02249252423644066,-1.0,11.421626329421997,492.87746477127075,0.01
45,45,0.09961904585361481,-1.0,11.151856184005737,504.0293209552765,0.01
46,46,0.01970485970377922,-1.0,11.22832465171814,515.2576456069946,0.01
47,47,0.030340012162923813,-1.0,11.012427806854248,526.2700734138489,0.01
48,48,0.024265192449092865,-1.0,11.15683889389038,537.4269123077393,0.01
49,49,0.050294309854507446,-1.0,11.355371713638306,548.7822840213776,0.01
50,50,0.002471291460096836,-1.0,11.23345685005188,560.0157408714294,0.01
51,51,0.026333604007959366,-1.0,11.36136507987976,571.3771059513092,0.01
52,52,0.021451469510793686,-1.0,11.089202642440796,582.46630859375,0.01
53,53,0.013542997650802135,-1.0,10.951688051223755,593.4179966449738,0.01
54,54,0.13235706090927124,-1.0,11.095427513122559,604.5134241580963,0.01
55,55,0.0016401034081354737,-1.0,11.539535760879517,616.0529599189758,0.01
56,56,0.021347003057599068,-1.0,10.767297267913818,626.8202571868896,0.01
57,57,0.08335116505622864,-1.0,10.721811532974243,637.5420687198639,0.01
58,58,0.007906770333647728,-1.0,11.176421642303467,648.7184903621674,0.01
59,59,0.021010490134358406,-1.0,11.365577459335327,660.0840678215027,0.01
60,60,0.004019628278911114,91.07,11.058549642562866,671.1426174640656,0.01
61,61,0.017191356047987938,-1.0,11.263754844665527,682.4063723087311,0.01
62,62,0.011519895866513252,-1.0,11.398147106170654,693.8045194149017,0.01
63,63,0.00856579840183258,-1.0,11.598108768463135,705.4026281833649,0.01
64,64,0.003826387692242861,-1.0,11.041401863098145,716.444030046463,0.01
65,65,0.002638055244460702,-1.0,10.907454490661621,727.3514845371246,0.01
66,66,0.040142472833395004,-1.0,11.1708242893219,738.5223088264465,0.01
67,67,0.018309669569134712,-1.0,11.091821908950806,749.6141307353973,0.01
68,68,0.045885439962148666,-1.0,11.716875314712524,761.3310060501099,0.01
69,69,0.004070860333740711,-1.0,11.155725955963135,772.486732006073,0.01
70,70,0.003960364498198032,-1.0,11.191337823867798,783.6780698299408,0.01
71,71,0.0019356424454599619,-1.0,12.09804654121399,795.7761163711548,0.01
72,72,0.009389235638082027,-1.0,11.85470461845398,807.6308209896088,0.01
73,73,0.015476793050765991,-1.0,11.010073900222778,818.6408948898315,0.01
74,74,0.023681359365582466,-1.0,11.874221086502075,830.5151159763336,0.01
75,75,0.0036505472380667925,-1.0,11.045878887176514,841.5609948635101,0.01
76,76,0.0035948283039033413,-1.0,11.261570930480957,852.8225657939911,0.01
77,77,0.06228462979197502,-1.0,11.026715755462646,863.8492815494537,0.01
78,78,0.0005382083472795784,-1.0,11.01895260810852,874.8682341575623,0.01
79,79,0.026399627327919006,-1.0,11.20607304573059,886.0743072032928,0.01
80,80,0.003766037989407778,90.74,11.182519674301147,897.256826877594,0.01
81,81,0.004729274194687605,-1.0,10.889005661010742,908.1458325386047,0.01
82,82,0.023853911086916924,-1.0,10.989561796188354,919.1353943347931,0.01
83,83,0.002607167698442936,-1.0,10.874792098999023,930.0101864337921,0.01
84,84,0.012559381313621998,-1.0,10.996577739715576,941.0067641735077,0.01
85,85,0.03715845197439194,-1.0,10.550848960876465,951.5576131343842,0.01
86,86,0.0040597328916192055,-1.0,10.86013674736023,962.4177498817444,0.01
87,87,0.00022253033239394426,-1.0,10.879189014434814,973.2969388961792,0.01
88,88,0.0005366253899410367,-1.0,10.70774507522583,984.004683971405,0.01
89,89,0.0008251002873294055,-1.0,11.290082931518555,995.2947669029236,0.01
90,90,0.0023635162506252527,-1.0,10.534105062484741,1005.8288719654083,0.01
91,91,0.0015131772961467505,-1.0,11.03921914100647,1016.8680911064148,0.01
92,92,0.006984833627939224,-1.0,11.008776664733887,1027.8768677711487,0.01
93,93,0.0006883795140311122,-1.0,11.045024633407593,1038.9218924045563,0.01
94,94,0.009274260140955448,-1.0,11.254377841949463,1050.1762702465057,0.01
95,95,0.0039644623175263405,-1.0,11.100467443466187,1061.276737689972,0.01
96,96,0.0007942051743157208,-1.0,10.696512699127197,1071.9732503890991,0.01
97,97,0.013865850865840912,-1.0,10.756985902786255,1082.7302362918854,0.01
98,98,0.0003504533087834716,-1.0,10.48392367362976,1093.2141599655151,0.01
99,99,0.0010129095753654838,-1.0,11.139451026916504,1104.3536109924316,0.01
100,100,0.012112053111195564,90.96,10.845088958740234,1115.1986999511719,0.01
101,101,0.003714891616255045,-1.0,11.051654577255249,1126.2503545284271,0.01
102,102,0.012880961410701275,-1.0,11.1247878074646,1137.3751423358917,0.01
103,103,0.00010580470552667975,-1.0,10.674233198165894,1148.0493755340576,0.01
104,104,0.0026946496218442917,-1.0,11.115071773529053,1159.1644473075867,0.01
105,105,0.035486556589603424,-1.0,11.023086547851562,1170.1875338554382,0.01
106,106,0.093441441655159,-1.0,10.800940036773682,1180.988473892212,0.01
107,107,0.009965121746063232,-1.0,11.009660005569458,1191.9981338977814,0.01
108,108,0.0013971857260912657,-1.0,11.206143140792847,1203.2042770385742,0.01
109,109,0.015114900656044483,-1.0,10.794174909591675,1213.998451948166,0.01
110,110,0.07537169754505157,-1.0,11.23516845703125,1225.2336204051971,0.01
111,111,0.0001714692625682801,-1.0,10.44339919090271,1235.6770195960999,0.01
112,112,0.01135172788053751,-1.0,11.036515951156616,1246.7135355472565,0.01
113,113,0.014492039568722248,-1.0,10.79327392578125,1257.5068094730377,0.01
114,114,0.0004965002299286425,-1.0,11.019091367721558,1268.5259008407593,0.01
115,115,0.004703171085566282,-1.0,11.455559492111206,1279.9814603328705,0.01
116,116,0.030505910515785217,-1.0,10.663901567459106,1290.6453619003296,0.01
117,117,0.003893030108883977,-1.0,11.56547999382019,1302.2108418941498,0.01
118,118,0.0007032399298623204,-1.0,11.20386266708374,1313.4147045612335,0.01
119,119,0.0004661531129386276,-1.0,10.792866468429565,1324.207571029663,0.01
