,epoch,training_loss,test_acc,epoch_train_time,total_train_time,lr
0,0,-1.0,0.0,-1.0,-1.0,-1.0
1,1,2.815748453140259,-1.0,39.499332666397095,39.499332666397095,0.01
2,2,2.0826821327209473,-1.0,39.57645606994629,79.07578873634338,0.01
3,3,2.5257816314697266,-1.0,39.611735343933105,118.68752408027649,0.01
4,4,1.6410220861434937,-1.0,39.53928089141846,158.22680497169495,0.01
5,5,1.9627960920333862,-1.0,39.494245529174805,197.72105050086975,0.01
6,6,2.4921085834503174,-1.0,39.568363189697266,237.28941369056702,0.01
7,7,2.181882858276367,-1.0,39.54448318481445,276.83389687538147,0.01
8,8,2.3644943237304688,-1.0,39.540417194366455,316.3743140697479,0.01
9,9,2.8472602367401123,-1.0,39.4981963634491,355.872510433197,0.01
10,10,2.0872933864593506,21.42,39.48382329940796,395.356333732605,0.01
11,11,2.3235671520233154,-1.0,39.49281048774719,434.8491442203522,0.01
12,12,2.2474379539489746,-1.0,39.51328444480896,474.36242866516113,0.01
13,13,2.438493251800537,-1.0,39.49185061454773,513.8542792797089,0.01
14,14,1.982606053352356,-1.0,39.502601146698,553.3568804264069,0.01
15,15,2.0457868576049805,-1.0,39.50202989578247,592.8589103221893,0.01
16,16,2.164578914642334,-1.0,39.50110983848572,632.360020160675,0.01
17,17,3.0892021656036377,-1.0,39.49061441421509,671.8506345748901,0.01
18,18,2.6203536987304688,-1.0,39.50363206863403,711.3542666435242,0.01
19,19,2.271732807159424,-1.0,39.48306322097778,750.837329864502,0.01
20,20,2.48215913772583,13.88,39.48215961456299,790.3194894790649,0.01
21,21,2.549382448196411,-1.0,39.499486684799194,829.8189761638641,0.01
22,22,2.103480339050293,-1.0,39.54810047149658,869.3670766353607,0.01
23,23,2.742910861968994,-1.0,39.53325581550598,908.9003324508667,0.01
24,24,2.205709457397461,-1.0,39.50552153587341,948.4058539867401,0.01
25,25,2.1387035846710205,-1.0,39.50319051742554,987.9090445041656,0.01
26,26,2.4235057830810547,-1.0,39.50954723358154,1027.4185917377472,0.01
27,27,2.649805784225464,-1.0,39.49855899810791,1066.917150735855,0.01
28,28,2.5010037422180176,-1.0,41.14410209655762,1108.0612528324127,0.01
29,29,2.3465521335601807,-1.0,39.539756536483765,1147.6010093688965,0.01
30,30,1.9458611011505127,18.44,39.505206823349,1187.1062161922455,0.01
31,31,2.0162932872772217,-1.0,39.51831674575806,1226.6245329380035,0.01
32,32,2.0705389976501465,-1.0,39.49903059005737,1266.123563528061,0.01
33,33,2.1803057193756104,-1.0,39.508949995040894,1305.6325135231018,0.01
34,34,2.607491970062256,-1.0,39.534767866134644,1345.1672813892365,0.01
35,35,1.9441003799438477,-1.0,39.50466513633728,1384.6719465255737,0.01
36,36,1.931133508682251,-1.0,39.505218267440796,1424.1771647930145,0.01
37,37,2.32110595703125,-1.0,39.51663875579834,1463.6938035488129,0.01
38,38,2.5577917098999023,-1.0,39.50543165206909,1503.199235200882,0.01
39,39,2.6851272583007812,-1.0,39.5311176776886,1542.7303528785706,0.01
40,40,2.749277353286743,10.41,39.52736139297485,1582.2577142715454,0.01
41,41,2.7332656383514404,-1.0,39.495015144348145,1621.7527294158936,0.01
42,42,2.4010531902313232,-1.0,39.51827049255371,1661.2709999084473,0.01
43,43,3.284184694290161,-1.0,39.52167582511902,1700.7926757335663,0.01
44,44,2.7707037925720215,-1.0,39.49815249443054,1740.2908282279968,0.01
45,45,2.623107671737671,-1.0,39.53414845466614,1779.824976682663,0.01
46,46,3.707954168319702,-1.0,39.49214792251587,1819.3171246051788,0.01
47,47,3.0858449935913086,-1.0,39.53031539916992,1858.8474400043488,0.01
48,48,5.049824237823486,-1.0,39.527292251586914,1898.3747322559357,0.01
49,49,3.1490848064422607,-1.0,39.56352162361145,1937.9382538795471,0.01
50,50,3.3497350215911865,10.62,39.559112548828125,1977.4973664283752,0.01
51,51,4.290116310119629,-1.0,39.51631045341492,2017.0136768817902,0.01
52,52,6.488858222961426,-1.0,40.21899104118347,2057.2326679229736,0.01
53,53,9.36493968963623,-1.0,45.83492565155029,2103.067593574524,0.01
54,54,5.534542560577393,-1.0,55.36807560920715,2158.435669183731,0.01
55,55,6.608365535736084,-1.0,55.36310362815857,2213.7987728118896,0.01
56,56,6.4330878257751465,-1.0,55.414432525634766,2269.2132053375244,0.01
57,57,5.751302719116211,-1.0,55.345947265625,2324.5591526031494,0.01
58,58,5.518418788909912,-1.0,55.368059158325195,2379.9272117614746,0.01
59,59,6.681579113006592,-1.0,55.30567669868469,2435.2328884601593,0.01
60,60,8.677322387695312,10.07,55.33516263961792,2490.568051099777,0.01
61,61,,-1.0,55.38375926017761,2545.951810359955,0.01
62,62,,-1.0,55.405234813690186,2601.357045173645,0.01
63,63,,-1.0,55.37627673149109,2656.733321905136,0.01
64,64,,-1.0,55.42719650268555,2712.1605184078217,0.01
65,65,,-1.0,40.3603789806366,2752.5208973884583,0.01
66,66,,-1.0,39.49408006668091,2792.014977455139,0.01
67,67,,-1.0,39.483015298843384,2831.4979927539825,0.01
68,68,,-1.0,39.47346234321594,2870.9714550971985,0.01
69,69,,-1.0,39.52503752708435,2910.496492624283,0.01
70,70,,9.88,39.529085874557495,2950.0255784988403,0.01
71,71,,-1.0,39.48014974594116,2989.5057282447815,0.01
72,72,,-1.0,39.51182198524475,3029.0175502300262,0.01
73,73,,-1.0,39.51449394226074,3068.532044172287,0.01
74,74,,-1.0,39.49480485916138,3108.0268490314484,0.01
75,75,,-1.0,39.491318464279175,3147.5181674957275,0.01
76,76,,-1.0,39.47909688949585,3186.9972643852234,0.01
77,77,,-1.0,39.477580308914185,3226.4748446941376,0.01
78,78,,-1.0,39.49542856216431,3265.970273256302,0.01
79,79,,-1.0,39.51091766357422,3305.481190919876,0.01
80,80,,9.92,39.47528433799744,3344.9564752578735,0.01
81,81,,-1.0,39.484539270401,3384.4410145282745,0.01
82,82,,-1.0,39.480356216430664,3423.921370744705,0.01
83,83,,-1.0,39.480130672454834,3463.40150141716,0.01
84,84,,-1.0,39.47043490409851,3502.8719363212585,0.01
85,85,,-1.0,39.49878525733948,3542.370721578598,0.01
86,86,,-1.0,39.49269366264343,3581.8634152412415,0.01
87,87,,-1.0,39.503679513931274,3621.3670947551727,0.01
88,88,,-1.0,39.63620972633362,3661.0033044815063,0.01
89,89,,-1.0,39.518310546875,3700.5216150283813,0.01
90,90,,9.87,39.490105628967285,3740.0117206573486,0.01
91,91,,-1.0,39.48106360435486,3779.4927842617035,0.01
92,92,,-1.0,39.49880290031433,3818.991587162018,0.01
93,93,,-1.0,39.48005676269531,3858.471643924713,0.01
94,94,,-1.0,39.470232009887695,3897.941875934601,0.01
95,95,,-1.0,39.47468018531799,3937.416556119919,0.01
96,96,,-1.0,39.46995401382446,3976.8865101337433,0.01
97,97,,-1.0,39.489901304244995,4016.3764114379883,0.01
98,98,,-1.0,39.4949426651001,4055.8713541030884,0.01
99,99,,-1.0,39.52388334274292,4095.3952374458313,0.01
100,100,,9.93,39.513150453567505,4134.908387899399,0.01
101,101,,-1.0,39.48066568374634,4174.389053583145,0.01
102,102,,-1.0,39.47636318206787,4213.865416765213,0.01
103,103,,-1.0,39.483023166656494,4253.3484399318695,0.01
104,104,,-1.0,39.4809992313385,4292.829439163208,0.01
105,105,,-1.0,39.48097085952759,4332.310410022736,0.01
106,106,,-1.0,39.50382709503174,4371.814237117767,0.01
107,107,,-1.0,39.50612449645996,4411.320361614227,0.01
108,108,,-1.0,39.48084545135498,4450.801207065582,0.01
109,109,,-1.0,39.497071981430054,4490.298279047012,0.01
110,110,,9.88,39.52625894546509,4529.824537992477,0.01
111,111,,-1.0,39.48572897911072,4569.310266971588,0.01
112,112,,-1.0,39.494654417037964,4608.804921388626,0.01
113,113,,-1.0,39.505043029785156,4648.309964418411,0.01
114,114,,-1.0,39.48507237434387,4687.795036792755,0.01
115,115,,-1.0,39.52364706993103,4727.318683862686,0.01
116,116,,-1.0,39.48428511619568,4766.802968978882,0.01
117,117,,-1.0,39.553340673446655,4806.3563096523285,0.01
118,118,,-1.0,39.48367738723755,4845.839987039566,0.01
119,119,,-1.0,39.51442098617554,4885.354408025742,0.01
120,120,,9.92,39.48108220100403,4924.835490226746,0.01
121,121,,-1.0,39.517465591430664,4964.352955818176,0.001
122,122,,-1.0,39.50702714920044,5003.859982967377,0.001
123,123,,-1.0,39.5103657245636,5043.37034869194,0.001
124,124,,-1.0,39.493489265441895,5082.863837957382,0.001
125,125,,-1.0,39.49081897735596,5122.354656934738,0.001
126,126,,-1.0,39.4980833530426,5161.852740287781,0.001
127,127,,-1.0,39.48185205459595,5201.334592342377,0.001
128,128,,-1.0,39.502933979034424,5240.837526321411,0.001
129,129,,-1.0,39.50487446784973,5280.342400789261,0.001
130,130,,9.87,39.484389543533325,5319.826790332794,0.001
131,131,,-1.0,39.51351189613342,5359.340302228928,0.001
132,132,,-1.0,39.493871450424194,5398.834173679352,0.001
133,133,,-1.0,39.54010987281799,5438.37428355217,0.001
134,134,,-1.0,39.500396490097046,5477.874680042267,0.001
135,135,,-1.0,39.47118425369263,5517.3458642959595,0.001
136,136,,-1.0,39.49225616455078,5556.83812046051,0.001
137,137,,-1.0,39.492714405059814,5596.33083486557,0.001
138,138,,-1.0,39.54412579536438,5635.874960660934,0.001
139,139,,-1.0,39.47546744346619,5675.350428104401,0.001
140,140,,9.9,39.538283824920654,5714.888711929321,0.001
141,141,,-1.0,39.49299740791321,5754.3817093372345,0.001
142,142,,-1.0,39.479716300964355,5793.861425638199,0.001
143,143,,-1.0,39.50193810462952,5833.363363742828,0.001
144,144,,-1.0,39.525150299072266,5872.888514041901,0.001
145,145,,-1.0,39.48428773880005,5912.372801780701,0.001
146,146,,-1.0,39.51628494262695,5951.889086723328,0.001
147,147,,-1.0,39.486043214797974,5991.375129938126,0.001
148,148,,-1.0,39.488688707351685,6030.863818645477,0.001
149,149,,-1.0,39.488446950912476,6070.35226559639,0.001
150,150,,9.96,39.485275745391846,6109.837541341782,0.001
