,epoch,training_loss,test_acc,epoch_train_time,total_train_time,lr
0,0,-1.0,0.0,-1.0,-1.0,-1.0
1,1,2.326352834701538,-1.0,27.034039974212646,27.034039974212646,0.01
2,2,2.1067330837249756,-1.0,27.10269284248352,54.13673281669617,0.01
3,3,1.8174588680267334,-1.0,27.109970092773438,81.2467029094696,0.01
4,4,1.4797489643096924,-1.0,27.10746669769287,108.35416960716248,0.01
5,5,1.530120849609375,-1.0,27.104223012924194,135.45839262008667,0.01
6,6,1.2557237148284912,-1.0,27.070347547531128,162.5287401676178,0.01
7,7,1.0412298440933228,-1.0,27.069773197174072,189.59851336479187,0.01
8,8,0.8198894262313843,-1.0,26.973416328430176,216.57192969322205,0.01
9,9,1.052531123161316,-1.0,26.927340030670166,243.4992697238922,0.01
10,10,1.139095664024353,70.95,26.957772493362427,270.45704221725464,0.01
11,11,0.7197525501251221,-1.0,26.915240049362183,297.3722822666168,0.01
12,12,0.7944687008857727,-1.0,26.91738200187683,324.28966426849365,0.01
13,13,0.8443630933761597,-1.0,26.906411170959473,351.1960754394531,0.01
14,14,0.6365923881530762,-1.0,26.921059370040894,378.117134809494,0.01
15,15,0.6631497144699097,-1.0,26.912826538085938,405.02996134757996,0.01
16,16,0.43737125396728516,-1.0,27.043949842453003,432.07391119003296,0.01
17,17,0.731489360332489,-1.0,26.898614645004272,458.97252583503723,0.01
18,18,0.44404077529907227,-1.0,26.8851158618927,485.85764169692993,0.01
19,19,0.7109590768814087,-1.0,26.89271855354309,512.750360250473,0.01
20,20,0.4859331548213959,80.73,27.006608724594116,539.7569689750671,0.01
21,21,0.5126757621765137,-1.0,27.06092929840088,566.817898273468,0.01
22,22,0.5123516321182251,-1.0,26.965710163116455,593.7836084365845,0.01
23,23,0.6198315620422363,-1.0,27.02922558784485,620.8128340244293,0.01
24,24,0.5270475149154663,-1.0,26.95098304748535,647.7638170719147,0.01
25,25,0.5045800805091858,-1.0,26.949076652526855,674.7128937244415,0.01
26,26,0.44913315773010254,-1.0,27.037824869155884,701.7507185935974,0.01
27,27,0.2805468738079071,-1.0,26.97828722000122,728.7290058135986,0.01
28,28,0.4751530587673187,-1.0,26.961228847503662,755.6902346611023,0.01
29,29,0.4477859139442444,-1.0,26.960147857666016,782.6503825187683,0.01
30,30,0.4226297438144684,83.7,27.08383798599243,809.7342205047607,0.01
31,31,0.3721793293952942,-1.0,27.01902747154236,836.7532479763031,0.01
32,32,0.4742550849914551,-1.0,27.07650899887085,863.829756975174,0.01
33,33,0.41116103529930115,-1.0,26.99442481994629,890.8241817951202,0.01
34,34,0.25515857338905334,-1.0,26.975743532180786,917.799925327301,0.01
35,35,0.38483938574790955,-1.0,26.97214674949646,944.7720720767975,0.01
36,36,0.2488185614347458,-1.0,26.978443145751953,971.7505152225494,0.01
37,37,0.40506404638290405,-1.0,26.96984028816223,998.7203555107117,0.01
38,38,0.3227079510688782,-1.0,26.94083547592163,1025.6611909866333,0.01
39,39,0.2878423035144806,-1.0,26.95180082321167,1052.612991809845,0.01
40,40,0.2078883945941925,83.67,27.006051540374756,1079.6190433502197,0.01
41,41,0.2366790473461151,-1.0,27.07308530807495,1106.6921286582947,0.01
42,42,0.2891755700111389,-1.0,27.07844567298889,1133.7705743312836,0.01
43,43,0.3768497705459595,-1.0,27.13983178138733,1160.910406112671,0.01
44,44,0.2576774060726166,-1.0,27.082489013671875,1187.9928951263428,0.01
45,45,0.2463209182024002,-1.0,27.120307207107544,1215.1132023334503,0.01
46,46,0.23561446368694305,-1.0,27.0586941242218,1242.1718964576721,0.01
47,47,0.3731859028339386,-1.0,27.042418956756592,1269.2143154144287,0.01
48,48,0.22728225588798523,-1.0,27.04500102996826,1296.259316444397,0.01
49,49,0.22531946003437042,-1.0,27.114850759506226,1323.3741672039032,0.01
50,50,0.26196515560150146,84.89,27.054173469543457,1350.4283406734467,0.01
51,51,0.21486949920654297,-1.0,27.03210425376892,1377.4604449272156,0.01
52,52,0.2989489436149597,-1.0,27.08944606781006,1404.5498909950256,0.01
53,53,0.2546752095222473,-1.0,27.04932427406311,1431.5992152690887,0.01
54,54,0.19838161766529083,-1.0,27.059496641159058,1458.6587119102478,0.01
55,55,0.18959181010723114,-1.0,27.077656030654907,1485.7363679409027,0.01
56,56,0.23528090119361877,-1.0,27.04850435256958,1512.7848722934723,0.01
57,57,0.23747602105140686,-1.0,27.046053647994995,1539.8309259414673,0.01
58,58,0.37712591886520386,-1.0,27.073166131973267,1566.9040920734406,0.01
59,59,0.17164191603660583,-1.0,27.062434434890747,1593.9665265083313,0.01
60,60,0.3464048206806183,84.95,27.040770769119263,1621.0072972774506,0.01
61,61,0.3076077401638031,-1.0,27.100014448165894,1648.1073117256165,0.01
62,62,0.21312315762043,-1.0,27.113001823425293,1675.2203135490417,0.01
63,63,0.22766688466072083,-1.0,27.1285138130188,1702.3488273620605,0.01
64,64,0.12779249250888824,-1.0,27.120555639266968,1729.4693830013275,0.01
65,65,0.3745088279247284,-1.0,27.129493951797485,1756.598876953125,0.01
66,66,0.20176641643047333,-1.0,27.153064966201782,1783.7519419193268,0.01
67,67,0.14011749625205994,-1.0,27.117310523986816,1810.8692524433136,0.01
68,68,0.0660652220249176,-1.0,27.14149284362793,1838.0107452869415,0.01
69,69,0.16095224022865295,-1.0,27.108980178833008,1865.1197254657745,0.01
70,70,0.1467149406671524,85.9,27.2066810131073,1892.3264064788818,0.01
71,71,0.17536096274852753,-1.0,27.19426965713501,1919.5206761360168,0.01
72,72,0.2430415153503418,-1.0,27.26063370704651,1946.7813098430634,0.01
73,73,0.0695185512304306,-1.0,27.10468864440918,1973.8859984874725,0.01
74,74,0.0954081267118454,-1.0,27.093141317367554,2000.97913980484,0.01
75,75,0.14400137960910797,-1.0,27.078166484832764,2028.0573062896729,0.01
76,76,0.2590101361274719,-1.0,27.099217414855957,2055.156523704529,0.01
77,77,0.27053016424179077,-1.0,27.157057523727417,2082.313581228256,0.01
78,78,0.156684011220932,-1.0,27.083839654922485,2109.3974208831787,0.01
79,79,0.17887580394744873,-1.0,27.10070013999939,2136.498121023178,0.01
80,80,0.21957707405090332,85.87,27.0605046749115,2163.5586256980896,0.01
81,81,0.12901033461093903,-1.0,27.148014545440674,2190.7066402435303,0.01
82,82,0.16761788725852966,-1.0,27.08435368537903,2217.7909939289093,0.01
83,83,0.18776297569274902,-1.0,27.11048173904419,2244.9014756679535,0.01
84,84,0.14026454091072083,-1.0,27.0811927318573,2271.982668399811,0.01
85,85,0.1460515558719635,-1.0,27.074235677719116,2299.05690407753,0.01
86,86,0.18016842007637024,-1.0,27.128118991851807,2326.1850230693817,0.01
87,87,0.09912247955799103,-1.0,27.100263118743896,2353.2852861881256,0.01
88,88,0.2960543632507324,-1.0,27.056366682052612,2380.341652870178,0.01
89,89,0.16910383105278015,-1.0,27.086364030838013,2407.4280169010162,0.01
90,90,0.11937402188777924,86.67,27.096917629241943,2434.524934530258,0.01
91,91,0.1924399435520172,-1.0,27.095226287841797,2461.6201608181,0.01
92,92,0.12678365409374237,-1.0,27.082378149032593,2488.7025389671326,0.01
93,93,0.10345421731472015,-1.0,27.095033407211304,2515.797572374344,0.01
94,94,0.26340416073799133,-1.0,27.091851472854614,2542.8894238471985,0.01
95,95,0.1939249038696289,-1.0,27.05945587158203,2569.9488797187805,0.01
96,96,0.0883760079741478,-1.0,27.06396508216858,2597.012844800949,0.01
97,97,0.2742707133293152,-1.0,27.062776565551758,2624.075621366501,0.01
98,98,0.21692776679992676,-1.0,27.04471755027771,2651.1203389167786,0.01
99,99,0.2365715056657791,-1.0,27.054359674453735,2678.1746985912323,0.01
100,100,0.1357661485671997,86.36,27.09367060661316,2705.2683691978455,0.01
101,101,0.1595434844493866,-1.0,27.0218665599823,2732.2902357578278,0.01
102,102,0.09725022315979004,-1.0,26.97234535217285,2759.2625811100006,0.01
103,103,0.10178025811910629,-1.0,27.0218448638916,2786.284425973892,0.01
104,104,0.23116937279701233,-1.0,27.05319094657898,2813.337616920471,0.01
105,105,0.2137613296508789,-1.0,27.04555344581604,2840.3831703662872,0.01
106,106,0.15854866802692413,-1.0,27.13222050666809,2867.5153908729553,0.01
107,107,0.10392068326473236,-1.0,27.17060089111328,2894.6859917640686,0.01
108,108,0.13096965849399567,-1.0,27.12737464904785,2921.8133664131165,0.01
109,109,0.12341207265853882,-1.0,27.03753638267517,2948.8509027957916,0.01
110,110,0.20158937573432922,86.53,27.18394660949707,2976.0348494052887,0.01
111,111,0.12067568302154541,-1.0,27.056713819503784,3003.0915632247925,0.01
112,112,0.20556581020355225,-1.0,27.10942816734314,3030.2009913921356,0.01
113,113,0.13505282998085022,-1.0,27.065603971481323,3057.266595363617,0.01
114,114,0.02286774292588234,-1.0,27.05145525932312,3084.31805062294,0.01
115,115,0.17976829409599304,-1.0,27.0285005569458,3111.346551179886,0.01
116,116,0.23362235724925995,-1.0,26.977597951889038,3138.324149131775,0.01
117,117,0.10235472023487091,-1.0,26.978662490844727,3165.3028116226196,0.01
118,118,0.15973523259162903,-1.0,27.002121686935425,3192.304933309555,0.01
119,119,0.1070355623960495,-1.0,27.005104064941406,3219.3100373744965,0.01
120,120,0.1848660409450531,86.21,27.00023341178894,3246.3102707862854,0.01
121,121,0.03450069576501846,-1.0,26.992687463760376,3273.302958250046,0.001
122,122,0.035371921956539154,-1.0,27.03734564781189,3300.3403038978577,0.001
123,123,0.08880862593650818,-1.0,26.978062868118286,3327.318366765976,0.001
124,124,0.013073044829070568,-1.0,26.982985973358154,3354.301352739334,0.001
125,125,0.03585119545459747,-1.0,26.991600513458252,3381.2929532527924,0.001
126,126,0.07362058013677597,-1.0,27.047325611114502,3408.340278863907,0.001
127,127,0.050876956433057785,-1.0,27.017091274261475,3435.3573701381683,0.001
128,128,0.023829231038689613,-1.0,27.026259422302246,3462.3836295604706,0.001
129,129,0.04683118313550949,-1.0,27.01742696762085,3489.4010565280914,0.001
130,130,0.055505044758319855,87.95,27.0288667678833,3516.4299232959747,0.001
131,131,0.05481474846601486,-1.0,27.035342931747437,3543.465266227722,0.001
132,132,0.029903728514909744,-1.0,27.046222686767578,3570.5114889144897,0.001
133,133,0.10958371311426163,-1.0,27.0310537815094,3597.542542695999,0.001
134,134,0.034548722207546234,-1.0,27.07878828048706,3624.621330976486,0.001
135,135,0.007375819142907858,-1.0,27.126900911331177,3651.7482318878174,0.001
136,136,0.10939028114080429,-1.0,27.049916982650757,3678.798148870468,0.001
137,137,0.03635212779045105,-1.0,27.043062448501587,3705.8412113189697,0.001
138,138,0.044905442744493484,-1.0,27.035135746002197,3732.876347064972,0.001
139,139,0.007304360158741474,-1.0,27.053735494613647,3759.9300825595856,0.001
140,140,0.054065220057964325,88.34,27.07345199584961,3787.003534555435,0.001
141,141,0.02009342797100544,-1.0,27.033610343933105,3814.0371448993683,0.001
142,142,0.03864400461316109,-1.0,27.009612798690796,3841.046757698059,0.001
143,143,0.006050670053809881,-1.0,27.05735731124878,3868.104115009308,0.001
144,144,0.08941299468278885,-1.0,26.99440026283264,3895.0985152721405,0.001
145,145,0.01987653598189354,-1.0,27.063558340072632,3922.162073612213,0.001
146,146,0.0437040701508522,-1.0,27.03185725212097,3949.193930864334,0.001
147,147,0.0023947106674313545,-1.0,27.07465124130249,3976.2685821056366,0.001
148,148,0.031551383435726166,-1.0,27.03192639350891,4003.3005084991455,0.001
149,149,0.12316447496414185,-1.0,27.006184339523315,4030.306692838669,0.001
150,150,0.061503130942583084,88.57,27.024952173233032,4057.331645011902,0.001
