,epoch,training_loss,test_acc,epoch_train_time,total_train_time,lr
0,0,-1.0,10.0,-1.0,-1.0,-1.0
1,1,0.3228715658187866,-1.0,11.979223489761353,11.979223489761353,0.01
2,2,0.3051507771015167,-1.0,11.730230569839478,23.70945405960083,0.01
3,3,0.3920067250728607,-1.0,11.657397747039795,35.366851806640625,0.01
4,4,0.28904348611831665,-1.0,11.737353563308716,47.10420536994934,0.01
5,5,0.2601305842399597,-1.0,11.832951307296753,58.937156677246094,0.01
6,6,0.060293786227703094,-1.0,11.77721905708313,70.71437573432922,0.01
7,7,0.12329535186290741,-1.0,12.368589401245117,83.08296513557434,0.01
8,8,0.2406902313232422,-1.0,11.93689513206482,95.01986026763916,0.01
9,9,0.1754942685365677,-1.0,12.329030990600586,107.34889125823975,0.01
10,10,0.07773680984973907,-1.0,11.818901538848877,119.16779279708862,0.01
11,11,0.10090325027704239,-1.0,11.89729642868042,131.06508922576904,0.01
12,12,0.13957032561302185,-1.0,11.96211290359497,143.027202129364,0.01
13,13,0.1391526460647583,-1.0,12.318419933319092,155.3456220626831,0.01
14,14,0.1706894338130951,-1.0,11.978163242340088,167.3237853050232,0.01
15,15,0.02151942066848278,-1.0,11.99409031867981,179.317875623703,0.01
16,16,0.0205282811075449,-1.0,11.830046892166138,191.14792251586914,0.01
17,17,0.012253805063664913,-1.0,11.62102484703064,202.76894736289978,0.01
18,18,0.07658369839191437,-1.0,11.854437828063965,214.62338519096375,0.01
19,19,0.07401718199253082,-1.0,12.051448106765747,226.6748332977295,0.01
20,20,0.02668696641921997,90.41,11.824816465377808,238.4996497631073,0.01
21,21,0.09072809666395187,-1.0,11.965835332870483,250.46548509597778,0.01
22,22,0.10812580585479736,-1.0,11.950665473937988,262.41615056991577,0.01
23,23,0.11317996680736542,-1.0,11.815077304840088,274.23122787475586,0.01
24,24,0.022804727777838707,-1.0,12.208908319473267,286.4401361942291,0.01
25,25,0.09691009670495987,-1.0,11.510028839111328,297.95016503334045,0.01
26,26,0.22613100707530975,-1.0,11.670047044754028,309.6202120780945,0.01
27,27,0.07369872182607651,-1.0,11.63873291015625,321.25894498825073,0.01
28,28,0.01621107943356037,-1.0,11.932247161865234,333.19119215011597,0.01
29,29,0.17766962945461273,-1.0,12.128696203231812,345.3198883533478,0.01
30,30,0.053680408746004105,-1.0,12.044620513916016,357.3645088672638,0.01
31,31,0.007651989813894033,-1.0,11.901667833328247,369.26617670059204,0.01
32,32,0.0664120465517044,-1.0,11.959728479385376,381.2259051799774,0.01
33,33,0.08959648758172989,-1.0,12.194888353347778,393.4207935333252,0.01
34,34,0.007955043576657772,-1.0,11.946603059768677,405.3673965930939,0.01
35,35,0.014447815716266632,-1.0,11.402191162109375,416.76958775520325,0.01
36,36,0.041039012372493744,-1.0,12.104392766952515,428.87398052215576,0.01
37,37,0.013673564419150352,-1.0,12.063823699951172,440.93780422210693,0.01
38,38,0.08226257562637329,-1.0,12.00010061264038,452.9379048347473,0.01
39,39,0.053657788783311844,-1.0,11.762198209762573,464.7001030445099,0.01
40,40,0.04277830198407173,89.99,12.218920230865479,476.91902327537537,0.01
41,41,0.040360961109399796,-1.0,11.529001712799072,488.44802498817444,0.01
42,42,0.014479284174740314,-1.0,11.840584516525269,500.2886095046997,0.01
43,43,0.03996650502085686,-1.0,12.418906211853027,512.7075157165527,0.01
44,44,0.07787740975618362,-1.0,11.990262031555176,524.6977777481079,0.01
45,45,0.04564885050058365,-1.0,11.867517948150635,536.5652956962585,0.01
46,46,0.008895054459571838,-1.0,12.04585599899292,548.6111516952515,0.01
47,47,0.06841897964477539,-1.0,11.51163935661316,560.1227910518646,0.01
48,48,0.01948278211057186,-1.0,11.56625247001648,571.6890435218811,0.01
49,49,0.08655436336994171,-1.0,11.762030839920044,583.4510743618011,0.01
50,50,0.007343186531215906,-1.0,11.407550573348999,594.8586249351501,0.01
51,51,0.03164399415254593,-1.0,11.478674411773682,606.3372993469238,0.01
52,52,0.05439779907464981,-1.0,11.682788372039795,618.0200877189636,0.01
53,53,0.025273147970438004,-1.0,11.32424020767212,629.3443279266357,0.01
54,54,0.04051937535405159,-1.0,11.590919256210327,640.9352471828461,0.01
55,55,0.003129237098619342,-1.0,11.573995590209961,652.509242773056,0.01
56,56,0.012984177097678185,-1.0,12.263683080673218,664.7729258537292,0.01
57,57,0.04969875141978264,-1.0,11.885016918182373,676.6579427719116,0.01
58,58,0.0033565741032361984,-1.0,11.684154033660889,688.3420968055725,0.01
59,59,0.005380501504987478,-1.0,11.875245809555054,700.2173426151276,0.01
60,60,0.029666941612958908,90.57,11.486947298049927,711.7042899131775,0.01
61,61,0.008548536337912083,-1.0,11.577238082885742,723.2815279960632,0.01
62,62,0.052802372723817825,-1.0,11.706830739974976,734.9883587360382,0.01
63,63,0.03103179670870304,-1.0,11.942682027816772,746.931040763855,0.01
64,64,0.005095269996672869,-1.0,11.762995719909668,758.6940364837646,0.01
65,65,0.018328217789530754,-1.0,11.569992542266846,770.2640290260315,0.01
66,66,0.003949957899749279,-1.0,11.982861995697021,782.2468910217285,0.01
67,67,0.004351825453341007,-1.0,11.263495683670044,793.5103867053986,0.01
68,68,0.02372925728559494,-1.0,12.081019639968872,805.5914063453674,0.01
69,69,0.009538093581795692,-1.0,11.561474800109863,817.1528811454773,0.01
70,70,0.054151345044374466,-1.0,11.969175338745117,829.1220564842224,0.01
71,71,0.037139736115932465,-1.0,12.010322332382202,841.1323788166046,0.01
72,72,0.06117144227027893,-1.0,11.829212665557861,852.9615914821625,0.01
73,73,0.027722204104065895,-1.0,11.429178953170776,864.3907704353333,0.01
74,74,0.05678902938961983,-1.0,11.925143003463745,876.315913438797,0.01
75,75,0.012097431346774101,-1.0,11.811184883117676,888.1270983219147,0.01
76,76,0.025776833295822144,-1.0,11.741588115692139,899.8686864376068,0.01
77,77,0.006333029828965664,-1.0,12.162607192993164,912.0312936306,0.01
78,78,0.0066790394484996796,-1.0,12.00425672531128,924.0355503559113,0.01
79,79,0.0016719509148970246,-1.0,11.795808553695679,935.8313589096069,0.01
80,80,0.010540695860981941,90.68,11.866204023361206,947.6975629329681,0.01
81,81,0.018756475299596786,-1.0,11.82328987121582,959.520852804184,0.01
82,82,0.0061020380817353725,-1.0,11.775505065917969,971.2963578701019,0.01
83,83,0.008543883450329304,-1.0,12.15670132637024,983.4530591964722,0.01
84,84,0.02319795824587345,-1.0,12.264392852783203,995.7174520492554,0.01
85,85,0.002706346334889531,-1.0,12.004191160202026,1007.7216432094574,0.01
86,86,0.012684322893619537,-1.0,11.80736756324768,1019.5290107727051,0.01
87,87,0.0018407718744128942,-1.0,12.43108344078064,1031.9600942134857,0.01
88,88,0.008585507050156593,-1.0,11.866427183151245,1043.826521396637,0.01
89,89,0.030229905620217323,-1.0,12.355785846710205,1056.1823072433472,0.01
90,90,0.0017744343494996428,-1.0,12.03562307357788,1068.217930316925,0.01
91,91,0.00397612014785409,-1.0,11.605450630187988,1079.823380947113,0.01
92,92,0.006348292343318462,-1.0,11.828546285629272,1091.6519272327423,0.01
93,93,0.0030061774887144566,-1.0,11.694072484970093,1103.3459997177124,0.01
94,94,0.017873087897896767,-1.0,11.81109619140625,1115.1570959091187,0.01
95,95,0.0013517627958208323,-1.0,11.728199481964111,1126.8852953910828,0.01
96,96,0.0055669029243290424,-1.0,11.989711999893188,1138.875007390976,0.01
97,97,0.014605541713535786,-1.0,11.726349592208862,1150.6013569831848,0.01
98,98,0.0024955496191978455,-1.0,11.93391227722168,1162.5352692604065,0.01
99,99,0.0022219743113964796,-1.0,11.962498903274536,1174.497768163681,0.01
100,100,0.0038644217420369387,90.93,12.291435956954956,1186.789204120636,0.01
101,101,0.0009257022175006568,-1.0,12.002782106399536,1198.7919862270355,0.01
102,102,0.017674606293439865,-1.0,12.123050928115845,1210.9150371551514,0.01
103,103,0.0007599551463499665,-1.0,12.072139024734497,1222.9871761798859,0.01
104,104,0.031027693301439285,-1.0,11.967121601104736,1234.9542977809906,0.01
105,105,0.04208315536379814,-1.0,12.395761966705322,1247.350059747696,0.01
106,106,0.002428193110972643,-1.0,12.103710889816284,1259.4537706375122,0.01
107,107,0.003737685503438115,-1.0,12.019649267196655,1271.4734199047089,0.01
108,108,0.0020431471057236195,-1.0,11.767679929733276,1283.2410998344421,0.01
109,109,0.025735806673765182,-1.0,12.046005725860596,1295.2871055603027,0.01
110,110,0.00733730336651206,-1.0,12.148507595062256,1307.435613155365,0.01
111,111,0.000803545000962913,-1.0,12.72346305847168,1320.1590762138367,0.01
112,112,0.05078280717134476,-1.0,11.798528671264648,1331.9576048851013,0.01
113,113,8.411598537350073e-05,-1.0,11.631160497665405,1343.5887653827667,0.01
114,114,0.0025196101050823927,-1.0,11.618395805358887,1355.2071611881256,0.01
115,115,0.013321232981979847,-1.0,11.698524713516235,1366.9056859016418,0.01
116,116,0.012536349706351757,-1.0,11.978239297866821,1378.8839251995087,0.01
117,117,0.0033899780828505754,-1.0,12.085803031921387,1390.96972823143,0.01
118,118,0.007386489305645227,-1.0,12.228914022445679,1403.1986422538757,0.01
119,119,0.0017108579631894827,-1.0,11.924236297607422,1415.1228785514832,0.01
