,epoch,training_loss,test_acc,epoch_train_time,total_train_time,lr
0,0,-1.0,0.0,-1.0,-1.0,-1.0
1,1,2.309434413909912,-1.0,39.55910587310791,39.55910587310791,0.01
2,2,2.3047595024108887,-1.0,39.502827405929565,79.06193327903748,0.01
3,3,2.355323553085327,-1.0,39.48512148857117,118.54705476760864,0.01
4,4,2.3220713138580322,-1.0,39.48529648780823,158.03235125541687,0.01
5,5,2.2970404624938965,-1.0,39.520939111709595,197.55329036712646,0.01
6,6,2.338136672973633,-1.0,39.506417751312256,237.05970811843872,0.01
7,7,2.3265464305877686,-1.0,39.49668073654175,276.55638885498047,0.01
8,8,2.285284996032715,-1.0,39.49348306655884,316.0498719215393,0.01
9,9,2.377201795578003,-1.0,39.47940683364868,355.529278755188,0.01
10,10,2.336721658706665,10.0,39.493048906326294,395.0223276615143,0.01
11,11,2.2602930068969727,-1.0,39.49638247489929,434.5187101364136,0.01
12,12,2.2999460697174072,-1.0,39.52682685852051,474.0455369949341,0.01
13,13,2.3573977947235107,-1.0,39.499281883239746,513.5448188781738,0.01
14,14,2.318997859954834,-1.0,39.55037307739258,553.0951919555664,0.01
15,15,2.3735268115997314,-1.0,39.50255060195923,592.5977425575256,0.01
16,16,2.2946360111236572,-1.0,39.49400568008423,632.0917482376099,0.01
17,17,2.2927002906799316,-1.0,39.51945376396179,671.6112020015717,0.01
18,18,2.309232711791992,-1.0,39.49194383621216,711.1031458377838,0.01
19,19,2.399968385696411,-1.0,39.49312996864319,750.596275806427,0.01
20,20,2.325996160507202,10.05,39.531513929367065,790.1277897357941,0.01
21,21,2.374959945678711,-1.0,39.526400327682495,829.6541900634766,0.01
22,22,2.342430591583252,-1.0,39.49085807800293,869.1450481414795,0.01
23,23,2.2788360118865967,-1.0,39.498536348342896,908.6435844898224,0.01
24,24,2.3199942111968994,-1.0,39.529805421829224,948.1733899116516,0.01
25,25,2.3579468727111816,-1.0,39.51615858078003,987.6895484924316,0.01
26,26,2.3715577125549316,-1.0,39.534083127975464,1027.223631620407,0.01
27,27,2.326960802078247,-1.0,39.489304304122925,1066.71293592453,0.01
28,28,2.3454198837280273,-1.0,39.48232460021973,1106.1952605247498,0.01
29,29,2.3121140003204346,-1.0,39.50395703315735,1145.699217557907,0.01
30,30,2.2487173080444336,9.63,39.496017932891846,1185.195235490799,0.01
31,31,2.3239219188690186,-1.0,39.489853382110596,1224.6850888729095,0.01
32,32,2.3805363178253174,-1.0,39.49326515197754,1264.178354024887,0.01
33,33,2.3585071563720703,-1.0,39.558772802352905,1303.73712682724,0.01
34,34,2.2997515201568604,-1.0,39.50776147842407,1343.244888305664,0.01
35,35,2.2295126914978027,-1.0,39.48669219017029,1382.7315804958344,0.01
36,36,2.312965154647827,-1.0,39.52166128158569,1422.25324177742,0.01
37,37,2.292304515838623,-1.0,39.498801946640015,1461.75204372406,0.01
38,38,2.3297436237335205,-1.0,39.489986181259155,1501.2420299053192,0.01
39,39,2.2795639038085938,-1.0,39.5268280506134,1540.7688579559326,0.01
40,40,2.3175911903381348,9.94,39.51180720329285,1580.2806651592255,0.01
41,41,2.3863043785095215,-1.0,39.50747203826904,1619.7881371974945,0.01
42,42,2.3305046558380127,-1.0,39.48857879638672,1659.2767159938812,0.01
43,43,2.3246681690216064,-1.0,39.48243689537048,1698.7591528892517,0.01
44,44,2.3013627529144287,-1.0,39.476322412490845,1738.2354753017426,0.01
45,45,2.2884347438812256,-1.0,39.48878622055054,1777.724261522293,0.01
46,46,2.3221435546875,-1.0,39.50448274612427,1817.2287442684174,0.01
47,47,2.3407318592071533,-1.0,39.48426055908203,1856.7130048274994,0.01
48,48,2.288090229034424,-1.0,39.484381437301636,1896.197386264801,0.01
49,49,2.3105227947235107,-1.0,39.474626779556274,1935.6720130443573,0.01
50,50,2.2620673179626465,10.2,39.490901470184326,1975.1629145145416,0.01
51,51,2.3421566486358643,-1.0,39.484955072402954,2014.6478695869446,0.01
52,52,2.303715467453003,-1.0,39.50493335723877,2054.1528029441833,0.01
53,53,2.2931277751922607,-1.0,39.50638198852539,2093.6591849327087,0.01
54,54,2.352043628692627,-1.0,39.5248007774353,2133.183985710144,0.01
55,55,2.3051538467407227,-1.0,39.487305879592896,2172.671291589737,0.01
56,56,2.3143091201782227,-1.0,39.48823666572571,2212.1595282554626,0.01
57,57,2.300854444503784,-1.0,39.51919651031494,2251.6787247657776,0.01
58,58,2.3347480297088623,-1.0,39.51115274429321,2291.189877510071,0.01
59,59,2.3106369972229004,-1.0,39.486209869384766,2330.6760873794556,0.01
60,60,2.303152561187744,10.29,39.474799394607544,2370.150886774063,0.01
61,61,2.351043224334717,-1.0,39.46999931335449,2409.6208860874176,0.01
62,62,2.2564620971679688,-1.0,39.48266124725342,2449.103547334671,0.01
63,63,2.317387104034424,-1.0,39.515767335891724,2488.6193146705627,0.01
64,64,2.30586838722229,-1.0,39.548020362854004,2528.1673350334167,0.01
65,65,2.3289284706115723,-1.0,39.49340057373047,2567.660735607147,0.01
66,66,2.2946274280548096,-1.0,39.48502278327942,2607.1457583904266,0.01
67,67,2.2839221954345703,-1.0,39.49047541618347,2646.63623380661,0.01
68,68,2.2982614040374756,-1.0,39.48135995864868,2686.117593765259,0.01
69,69,2.35274338722229,-1.0,39.49759101867676,2725.6151847839355,0.01
70,70,2.2976794242858887,9.71,39.48751974105835,2765.102704524994,0.01
71,71,2.389763355255127,-1.0,39.50516986846924,2804.607874393463,0.01
72,72,2.327958345413208,-1.0,39.482956886291504,2844.0908312797546,0.01
73,73,2.3117477893829346,-1.0,39.48337244987488,2883.5742037296295,0.01
74,74,2.3034632205963135,-1.0,39.48305296897888,2923.0572566986084,0.01
75,75,2.3249623775482178,-1.0,39.49164891242981,2962.548905611038,0.01
76,76,2.2997803688049316,-1.0,39.48634910583496,3002.035254716873,0.01
77,77,2.2901906967163086,-1.0,39.47958517074585,3041.514839887619,0.01
78,78,2.3111209869384766,-1.0,39.494301080703735,3081.0091409683228,0.01
79,79,2.3037664890289307,-1.0,39.511855602264404,3120.520996570587,0.01
80,80,2.297430992126465,10.07,39.557616233825684,3160.078612804413,0.01
81,81,2.3307666778564453,-1.0,39.52468967437744,3199.6033024787903,0.01
82,82,2.2746284008026123,-1.0,39.52501463890076,3239.128317117691,0.01
83,83,2.2793869972229004,-1.0,39.49531650543213,3278.623633623123,0.01
84,84,2.3178021907806396,-1.0,39.530927419662476,3318.1545610427856,0.01
85,85,2.345473051071167,-1.0,39.48991346359253,3357.644474506378,0.01
86,86,2.282491683959961,-1.0,39.492706298828125,3397.1371808052063,0.01
87,87,2.2674572467803955,-1.0,39.49455642700195,3436.6317372322083,0.01
88,88,2.399163007736206,-1.0,39.53276515007019,3476.1645023822784,0.01
89,89,2.330552816390991,-1.0,39.4854679107666,3515.649970293045,0.01
90,90,2.2685444355010986,9.91,39.49020862579346,3555.1401789188385,0.01
91,91,2.321894645690918,-1.0,39.48529243469238,3594.625471353531,0.01
92,92,2.3434605598449707,-1.0,39.54561257362366,3634.1710839271545,0.01
93,93,2.3237833976745605,-1.0,39.57579493522644,3673.746878862381,0.01
94,94,2.304419755935669,-1.0,39.52828669548035,3713.2751655578613,0.01
95,95,2.332385540008545,-1.0,39.596977949142456,3752.872143507004,0.01
96,96,2.3615121841430664,-1.0,39.54096269607544,3792.413106203079,0.01
97,97,2.3050405979156494,-1.0,39.53063774108887,3831.943743944168,0.01
98,98,2.2575206756591797,-1.0,39.49643015861511,3871.440174102783,0.01
99,99,2.352304697036743,-1.0,39.519912242889404,3910.9600863456726,0.01
100,100,2.2976527214050293,10.04,39.496312856674194,3950.456399202347,0.01
101,101,2.261476755142212,-1.0,39.52761721611023,3989.984016418457,0.01
102,102,2.3120779991149902,-1.0,39.525466203689575,4029.5094826221466,0.01
103,103,2.3324131965637207,-1.0,39.57037901878357,4069.07986164093,0.01
104,104,2.3100454807281494,-1.0,39.49663424491882,4108.576495885849,0.01
105,105,2.3050272464752197,-1.0,39.516108751297,4148.092604637146,0.01
106,106,2.2888245582580566,-1.0,39.47456073760986,4187.567165374756,0.01
107,107,2.2913758754730225,-1.0,39.480042695999146,4227.047208070755,0.01
108,108,2.3201065063476562,-1.0,39.488404512405396,4266.53561258316,0.01
109,109,2.348142623901367,-1.0,39.501073360443115,4306.0366859436035,0.01
110,110,2.3597941398620605,9.99,39.52519464492798,4345.5618805885315,0.01
111,111,2.277397871017456,-1.0,39.524062156677246,4385.085942745209,0.01
112,112,2.310567617416382,-1.0,39.477609157562256,4424.563551902771,0.01
113,113,2.272152900695801,-1.0,39.49224901199341,4464.055800914764,0.01
114,114,2.2925076484680176,-1.0,39.48806023597717,4503.543861150742,0.01
115,115,2.3405463695526123,-1.0,39.49723839759827,4543.04109954834,0.01
116,116,2.2668299674987793,-1.0,39.53673005104065,4582.5778295993805,0.01
117,117,2.318425178527832,-1.0,39.4973828792572,4622.075212478638,0.01
118,118,2.28670597076416,-1.0,39.47728109359741,4661.552493572235,0.01
119,119,2.2835118770599365,-1.0,39.50633144378662,4701.058825016022,0.01
120,120,2.3162591457366943,10.19,39.48363161087036,4740.542456626892,0.01
121,121,2.285830497741699,-1.0,39.482550382614136,4780.025007009506,0.001
122,122,2.316279888153076,-1.0,39.470128297805786,4819.495135307312,0.001
123,123,2.334901809692383,-1.0,39.50275635719299,4858.997891664505,0.001
124,124,2.2924644947052,-1.0,39.478760719299316,4898.476652383804,0.001
125,125,2.33469295501709,-1.0,39.487508058547974,4937.964160442352,0.001
126,126,2.306856155395508,-1.0,39.50914478302002,4977.473305225372,0.001
127,127,2.30865478515625,-1.0,39.48639512062073,5016.959700345993,0.001
128,128,2.335242986679077,-1.0,39.489383935928345,5056.449084281921,0.001
129,129,2.3049659729003906,-1.0,39.461222410202026,5095.910306692123,0.001
130,130,2.2879576683044434,9.89,39.45846366882324,5135.368770360947,0.001
131,131,2.313974380493164,-1.0,39.474555015563965,5174.843325376511,0.001
132,132,2.3132121562957764,-1.0,39.46343183517456,5214.306757211685,0.001
133,133,2.3103976249694824,-1.0,39.4662721157074,5253.773029327393,0.001
134,134,2.3035168647766113,-1.0,39.488192558288574,5293.261221885681,0.001
135,135,2.3034825325012207,-1.0,39.465091705322266,5332.726313591003,0.001
136,136,2.293654680252075,-1.0,39.477319955825806,5372.203633546829,0.001
137,137,2.3094773292541504,-1.0,39.46348166465759,5411.667115211487,0.001
138,138,2.2751410007476807,-1.0,39.510451793670654,5451.1775670051575,0.001
139,139,2.318467617034912,-1.0,39.466989040374756,5490.644556045532,0.001
140,140,2.295497417449951,10.23,39.45439314842224,5530.0989491939545,0.001
141,141,2.301787853240967,-1.0,39.497190713882446,5569.596139907837,0.001
142,142,2.2895963191986084,-1.0,39.46622586250305,5609.06236577034,0.001
143,143,2.3020052909851074,-1.0,39.46031999588013,5648.52268576622,0.001
144,144,2.2757415771484375,-1.0,39.499516248703,5688.022202014923,0.001
145,145,2.312034845352173,-1.0,39.50983905792236,5727.5320410728455,0.001
146,146,2.3141026496887207,-1.0,39.482300996780396,5767.014342069626,0.001
147,147,2.3000221252441406,-1.0,39.45659899711609,5806.470941066742,0.001
148,148,2.303619623184204,-1.0,39.495229721069336,5845.966170787811,0.001
149,149,2.283370018005371,-1.0,39.470683336257935,5885.436854124069,0.001
150,150,2.322059154510498,10.25,39.4774272441864,5924.914281368256,0.001
