INFO:root:Results: 
INFO:root:    epoch  training_loss  test_acc  epoch_train_time  total_train_time    lr
0       0      -1.000000     47.52         -1.000000         -1.000000 -1.00
1       1       0.091923     -1.00         23.446331         23.446331  0.01
2       2       0.011547     -1.00         21.928012         45.374342  0.01
3       3       0.175715     -1.00         22.433505         67.807847  0.01
4       4       0.010805     -1.00         23.331353         91.139200  0.01
5       5       0.031417     -1.00         21.083918        112.223118  0.01
6       6       0.230536     -1.00         21.565976        133.789094  0.01
7       7       0.059001     -1.00         22.455050        156.244145  0.01
8       8       0.039103     -1.00         22.305256        178.549401  0.01
9       9       0.196641     -1.00         20.801148        199.350549  0.01
10     10       0.000930     -1.00         21.075121        220.425670  0.01
11     11       0.009647     -1.00         21.677589        242.103259  0.01
12     12       0.000095     -1.00         21.470277        263.573535  0.01
13     13       0.001881     -1.00         20.677011        284.250546  0.01
14     14       0.032768     -1.00         25.604424        309.854970  0.01
15     15       0.027683     -1.00         21.341878        331.196847  0.01
16     16       0.028858     -1.00         21.755482        352.952329  0.01
17     17       0.052707     -1.00         22.217388        375.169718  0.01
18     18       0.009309     -1.00         23.457470        398.627187  0.01
19     19       0.057958     -1.00         22.070623        420.697811  0.01
20     20       0.029271     90.63         20.911345        441.609156  0.01
21     21       0.008559     -1.00         23.619044        465.228199  0.01
22     22       0.006982     -1.00         23.089250        488.317450  0.01
23     23       0.002505     -1.00         21.600134        509.917583  0.01
24     24       0.000399     -1.00         20.861633        530.779217  0.01
25     25       0.023750     -1.00         21.344822        552.124038  0.01
26     26       0.010879     -1.00         21.139600        573.263638  0.01
27     27       0.001627     -1.00         22.954014        596.217652  0.01
28     28       0.001837     -1.00         22.168552        618.386204  0.01
29     29       0.016033     -1.00         22.714719        641.100923  0.01
30     30       0.001333     -1.00         22.364364        663.465286  0.01
31     31       0.223002     -1.00         21.885153        685.350439  0.01
32     32       0.030037     -1.00         21.743017        707.093457  0.01
33     33       0.010042     -1.00         22.105160        729.198617  0.01
34     34       0.004173     -1.00         22.069581        751.268198  0.01
35     35       0.008382     -1.00         22.320255        773.588453  0.01
36     36       0.001231     -1.00         21.367229        794.955682  0.01
37     37       0.001740     -1.00         22.127325        817.083006  0.01
38     38       0.006052     -1.00         22.526652        839.609658  0.01
39     39       0.003713     -1.00         21.635457        861.245115  0.01
40     40       0.023110     90.13         22.569014        883.814129  0.01
41     41       0.013990     -1.00         21.189391        905.003520  0.01
42     42       0.004248     -1.00         22.638763        927.642282  0.01
43     43       0.000737     -1.00         21.927314        949.569596  0.01
44     44       0.004152     -1.00         21.705166        971.274762  0.01
45     45       0.020440     -1.00         21.261214        992.535976  0.01
46     46       0.027474     -1.00         21.270949       1013.806925  0.01
47     47       0.018275     -1.00         21.666905       1035.473830  0.01
48     48       0.203051     -1.00         22.157771       1057.631601  0.01
49     49       0.004846     -1.00         21.707515       1079.339115  0.01
50     50       0.596962     -1.00         21.718975       1101.058091  0.01
51     51       0.003712     -1.00         23.678438       1124.736529  0.01
52     52       0.195973     -1.00         22.348371       1147.084900  0.01
53     53       0.012530     -1.00         22.887680       1169.972580  0.01
54     54       0.083320     -1.00         20.900586       1190.873166  0.01
55     55       0.005689     -1.00         21.592163       1212.465329  0.01
56     56       0.014520     -1.00         22.678241       1235.143570  0.01
57     57       0.009865     -1.00         23.231639       1258.375210  0.01
58     58       0.042339     -1.00         20.890423       1279.265633  0.01
59     59       0.002245     -1.00         24.393533       1303.659166  0.01

