,epoch,training_loss,test_acc,epoch_train_time,total_train_time,lr
0,0,-1.0,63.14,-1.0,-1.0,-1.0
1,1,0.10450885444879532,-1.0,10.600115299224854,10.600115299224854,0.01
2,2,0.14529088139533997,-1.0,10.38448715209961,20.984602451324463,0.01
3,3,0.09960786998271942,-1.0,10.762406826019287,31.74700927734375,0.01
4,4,0.17588037252426147,-1.0,10.55371642112732,42.30072569847107,0.01
5,5,0.20336675643920898,-1.0,10.621420621871948,52.92214632034302,0.01
6,6,0.24530760943889618,-1.0,10.285361051559448,63.207507371902466,0.01
7,7,0.19841927289962769,-1.0,10.470151662826538,73.677659034729,0.01
8,8,0.20331767201423645,-1.0,10.368154764175415,84.04581379890442,0.01
9,9,0.17956814169883728,-1.0,10.447751760482788,94.4935655593872,0.01
10,10,0.08638925850391388,-1.0,10.180335998535156,104.67390155792236,0.01
11,11,0.10184433311223984,-1.0,10.689997911453247,115.36389946937561,0.01
12,12,0.0703326016664505,-1.0,10.288397312164307,125.65229678153992,0.01
13,13,0.1050124391913414,-1.0,10.374772071838379,136.0270688533783,0.01
14,14,0.031272467225790024,-1.0,10.264283657073975,146.29135251045227,0.01
15,15,0.057946331799030304,-1.0,10.240992069244385,156.53234457969666,0.01
16,16,0.09256841242313385,-1.0,10.330921649932861,166.86326622962952,0.01
17,17,0.07240691035985947,-1.0,10.633053064346313,177.49631929397583,0.01
18,18,0.042619988322257996,-1.0,10.637742042541504,188.13406133651733,0.01
19,19,0.11610551923513412,-1.0,10.73156213760376,198.8656234741211,0.01
20,20,0.08162467181682587,89.04,10.191291093826294,209.0569145679474,0.01
21,21,0.1386435329914093,-1.0,10.922559261322021,219.9794738292694,0.01
22,22,0.15226303040981293,-1.0,10.470825910568237,230.45029973983765,0.01
23,23,0.05831430107355118,-1.0,10.701784133911133,241.15208387374878,0.01
24,24,0.0619485005736351,-1.0,10.331830978393555,251.48391485214233,0.01
25,25,0.02018984779715538,-1.0,10.507978916168213,261.99189376831055,0.01
26,26,0.026243478059768677,-1.0,10.690044403076172,272.6819381713867,0.01
27,27,0.0899980217218399,-1.0,10.303709268569946,282.98564743995667,0.01
28,28,0.10541453212499619,-1.0,10.837263822555542,293.8229112625122,0.01
29,29,0.04021768271923065,-1.0,10.763305425643921,304.5862166881561,0.01
30,30,0.06098382920026779,-1.0,10.45583438873291,315.04205107688904,0.01
31,31,0.027916643768548965,-1.0,10.863587617874146,325.9056386947632,0.01
32,32,0.043861500918865204,-1.0,10.51987338066101,336.4255120754242,0.01
33,33,0.010739005170762539,-1.0,10.434595823287964,346.86010789871216,0.01
34,34,0.014995177276432514,-1.0,10.558443546295166,357.4185514450073,0.01
35,35,0.106203593313694,-1.0,10.522155523300171,367.9407069683075,0.01
36,36,0.07610638439655304,-1.0,10.480979681015015,378.4216866493225,0.01
37,37,0.11326434463262558,-1.0,11.101142168045044,389.52282881736755,0.01
38,38,0.023972898721694946,-1.0,10.51205825805664,400.0348870754242,0.01
39,39,0.016707878559827805,-1.0,10.747853994369507,410.7827410697937,0.01
40,40,0.031072914600372314,89.1,10.413012027740479,421.1957530975342,0.01
41,41,0.013217856176197529,-1.0,10.862377882003784,432.05813097953796,0.01
42,42,0.03488241881132126,-1.0,10.55332088470459,442.61145186424255,0.01
43,43,0.02255895547568798,-1.0,10.504261493682861,453.1157133579254,0.01
44,44,0.011999044567346573,-1.0,10.338364362716675,463.4540777206421,0.01
45,45,0.011345798149704933,-1.0,11.23294973373413,474.6870274543762,0.01
46,46,0.02109580859541893,-1.0,10.325127124786377,485.0121545791626,0.01
47,47,0.018521659076213837,-1.0,10.743543148040771,495.75569772720337,0.01
48,48,0.031139707192778587,-1.0,11.168555736541748,506.9242534637451,0.01
49,49,0.0252633485943079,-1.0,10.482702493667603,517.4069559574127,0.01
50,50,0.05652114748954773,-1.0,10.853768587112427,528.2607245445251,0.01
51,51,0.015249134972691536,-1.0,10.57583999633789,538.836564540863,0.01
52,52,0.0704324021935463,-1.0,10.358303546905518,549.1948680877686,0.01
53,53,0.011504133231937885,-1.0,10.411502361297607,559.6063704490662,0.01
54,54,0.007546973880380392,-1.0,10.714869022369385,570.3212394714355,0.01
55,55,0.06158669665455818,-1.0,10.83962869644165,581.1608681678772,0.01
56,56,0.007957125082612038,-1.0,10.322561264038086,591.4834294319153,0.01
57,57,0.01279865950345993,-1.0,11.193891525268555,602.6773209571838,0.01
58,58,0.037545736879110336,-1.0,11.007731199264526,613.6850521564484,0.01
59,59,0.07375378161668777,-1.0,10.711040019989014,624.3960921764374,0.01
60,60,0.009783613495528698,89.27,10.603741645812988,634.9998338222504,0.01
