,epoch,training_loss,test_acc,epoch_train_time,total_train_time,lr
0,0,-1.0,11.59,-1.0,-1.0,-1.0
1,1,0.2826972007751465,-1.0,11.383508443832397,11.383508443832397,0.01
2,2,0.13008317351341248,-1.0,10.458322525024414,21.84183096885681,0.01
3,3,0.21706092357635498,-1.0,11.252408504486084,33.094239473342896,0.01
4,4,0.1051473617553711,-1.0,10.843017578125,43.937257051467896,0.01
5,5,0.18331024050712585,-1.0,10.78760290145874,54.724859952926636,0.01
6,6,0.14545795321464539,-1.0,11.353209972381592,66.07806992530823,0.01
7,7,0.17812809348106384,-1.0,11.145378351211548,77.22344827651978,0.01
8,8,0.08393612504005432,-1.0,11.163440704345703,88.38688898086548,0.01
9,9,0.13376127183437347,-1.0,11.070215225219727,99.4571042060852,0.01
10,10,0.06167658045887947,-1.0,10.929228782653809,110.38633298873901,0.01
11,11,0.13390646874904633,-1.0,11.117892742156982,121.504225730896,0.01
12,12,0.05105997994542122,-1.0,11.086500406265259,132.59072613716125,0.01
13,13,0.2175639122724533,-1.0,11.150137662887573,143.74086380004883,0.01
14,14,0.053883910179138184,-1.0,11.31252908706665,155.05339288711548,0.01
15,15,0.15473851561546326,-1.0,11.425189971923828,166.4785828590393,0.01
16,16,0.01834605447947979,-1.0,11.207110404968262,177.68569326400757,0.01
17,17,0.10241581499576569,-1.0,10.809733629226685,188.49542689323425,0.01
18,18,0.13847477734088898,-1.0,11.02605938911438,199.52148628234863,0.01
19,19,0.09731665998697281,-1.0,10.858757495880127,210.38024377822876,0.01
20,20,0.1278710961341858,88.62,11.234679460525513,221.61492323875427,0.01
21,21,0.08786468952894211,-1.0,11.052197456359863,232.66712069511414,0.01
22,22,0.07642859220504761,-1.0,11.164747714996338,243.83186841011047,0.01
23,23,0.05231703072786331,-1.0,11.093169212341309,254.92503762245178,0.01
24,24,0.05073472857475281,-1.0,10.951416015625,265.8764536380768,0.01
25,25,0.07222697883844376,-1.0,11.273366689682007,277.1498203277588,0.01
26,26,0.09702224284410477,-1.0,11.201201438903809,288.3510217666626,0.01
27,27,0.08083774894475937,-1.0,11.00270700454712,299.3537287712097,0.01
28,28,0.08945991843938828,-1.0,11.268476009368896,310.6222047805786,0.01
29,29,0.05196724086999893,-1.0,11.017246961593628,321.63945174217224,0.01
30,30,0.05796591565012932,-1.0,11.412956237792969,333.0524079799652,0.01
31,31,0.02081942930817604,-1.0,11.155786991119385,344.2081949710846,0.01
32,32,0.007058765739202499,-1.0,11.079783201217651,355.28797817230225,0.01
33,33,0.05743793770670891,-1.0,10.743499517440796,366.03147768974304,0.01
34,34,0.10912348330020905,-1.0,10.83048391342163,376.8619616031647,0.01
35,35,0.1015704870223999,-1.0,11.022769689559937,387.8847312927246,0.01
36,36,0.22836904227733612,-1.0,10.9106924533844,398.795423746109,0.01
37,37,0.04714653268456459,-1.0,10.873446702957153,409.66887044906616,0.01
38,38,0.019798345863819122,-1.0,10.944597005844116,420.6134674549103,0.01
39,39,0.04817042499780655,-1.0,10.753528118133545,431.3669955730438,0.01
40,40,0.15659743547439575,88.46,10.89785647392273,442.26485204696655,0.01
41,41,0.031451351940631866,-1.0,11.008190870285034,453.2730429172516,0.01
42,42,0.010134129785001278,-1.0,11.429600238800049,464.70264315605164,0.01
43,43,0.08729682862758636,-1.0,11.246464729309082,475.9491078853607,0.01
44,44,0.010522381402552128,-1.0,11.023586750030518,486.97269463539124,0.01
45,45,0.03217170014977455,-1.0,10.766051054000854,497.7387456893921,0.01
46,46,0.06003173068165779,-1.0,11.042870998382568,508.78161668777466,0.01
47,47,0.009671119041740894,-1.0,10.71570348739624,519.4973201751709,0.01
48,48,0.05852788686752319,-1.0,10.808106660842896,530.3054268360138,0.01
49,49,0.011193187907338142,-1.0,10.514452934265137,540.8198797702789,0.01
50,50,0.010290572419762611,-1.0,11.003657817840576,551.8235375881195,0.01
51,51,0.01228749193251133,-1.0,11.018038749694824,562.8415763378143,0.01
52,52,0.06661595404148102,-1.0,10.869175672531128,573.7107520103455,0.01
53,53,0.02426012046635151,-1.0,10.727874755859375,584.4386267662048,0.01
54,54,0.03610517457127571,-1.0,11.259467840194702,595.6980946063995,0.01
55,55,0.09278198331594467,-1.0,10.72098970413208,606.4190843105316,0.01
56,56,0.03309391066431999,-1.0,10.615132808685303,617.0342171192169,0.01
57,57,0.005244886968284845,-1.0,10.767765283584595,627.8019824028015,0.01
58,58,0.03371535986661911,-1.0,11.118961095809937,638.9209434986115,0.01
59,59,0.024965360760688782,-1.0,10.964916229248047,649.8858597278595,0.01
60,60,0.10056783258914948,88.9,10.707565307617188,660.5934250354767,0.01
