,epoch,training_loss,test_acc,epoch_train_time,total_train_time,lr
0,0,-1.0,63.14,-1.0,-1.0,-1.0
1,1,0.10248156636953354,-1.0,11.5306236743927,11.5306236743927,0.01
2,2,0.13783781230449677,-1.0,10.63360047340393,22.16422414779663,0.01
3,3,0.09624360501766205,-1.0,10.877606868743896,33.04183101654053,0.01
4,4,0.17738963663578033,-1.0,10.798815965652466,43.84064698219299,0.01
5,5,0.20479533076286316,-1.0,11.346696376800537,55.18734335899353,0.01
6,6,0.24344560503959656,-1.0,10.805011749267578,65.99235510826111,0.01
7,7,0.2237054854631424,-1.0,10.774546146392822,76.76690125465393,0.01
8,8,0.21557959914207458,-1.0,10.878770351409912,87.64567160606384,0.01
9,9,0.17721982300281525,-1.0,10.636467933654785,98.28213953971863,0.01
10,10,0.0795755609869957,-1.0,10.958770036697388,109.24090957641602,0.01
11,11,0.09686131775379181,-1.0,11.09697675704956,120.33788633346558,0.01
12,12,0.06100524216890335,-1.0,10.709985971450806,131.04787230491638,0.01
13,13,0.09970136731863022,-1.0,10.673321008682251,141.72119331359863,0.01
14,14,0.03752714395523071,-1.0,11.036828756332397,152.75802206993103,0.01
15,15,0.08109201490879059,-1.0,11.037661790847778,163.7956838607788,0.01
16,16,0.08697079122066498,-1.0,11.116263389587402,174.9119472503662,0.01
17,17,0.08982487767934799,-1.0,10.978910684585571,185.89085793495178,0.01
18,18,0.04322906583547592,-1.0,11.159728288650513,197.0505862236023,0.01
19,19,0.1421154886484146,-1.0,11.332998991012573,208.38358521461487,0.01
20,20,0.07084251940250397,88.89,11.039841175079346,219.4234263896942,0.01
21,21,0.13261644542217255,-1.0,10.830444574356079,230.2538709640503,0.01
22,22,0.1517605483531952,-1.0,11.200071811676025,241.45394277572632,0.01
23,23,0.050170741975307465,-1.0,11.031538009643555,252.48548078536987,0.01
24,24,0.051657527685165405,-1.0,11.387454271316528,263.8729350566864,0.01
25,25,0.03340807184576988,-1.0,11.286763429641724,275.1596984863281,0.01
26,26,0.02583003044128418,-1.0,10.920113325119019,286.07981181144714,0.01
27,27,0.11046136915683746,-1.0,11.042928457260132,297.1227402687073,0.01
28,28,0.05907604843378067,-1.0,11.293715238571167,308.41645550727844,0.01
29,29,0.0437769778072834,-1.0,10.696304082870483,319.1127595901489,0.01
30,30,0.07430048286914825,-1.0,10.89978313446045,330.0125427246094,0.01
31,31,0.04790496826171875,-1.0,10.89100456237793,340.9035472869873,0.01
32,32,0.041738200932741165,-1.0,11.17090392112732,352.0744512081146,0.01
33,33,0.013684717938303947,-1.0,10.95631194114685,363.0307631492615,0.01
34,34,0.018174918368458748,-1.0,11.138312816619873,374.16907596588135,0.01
35,35,0.08171869069337845,-1.0,10.87866735458374,385.0477433204651,0.01
36,36,0.13216105103492737,-1.0,10.68806791305542,395.7358112335205,0.01
37,37,0.006458936724811792,-1.0,10.835996150970459,406.57180738449097,0.01
38,38,0.005327919963747263,-1.0,11.070136070251465,417.64194345474243,0.01
39,39,0.013976743444800377,-1.0,11.493981122970581,429.135924577713,0.01
40,40,0.08139612525701523,89.16,10.884418249130249,440.02034282684326,0.01
41,41,0.030117038637399673,-1.0,10.994954824447632,451.0152976512909,0.01
42,42,0.039101049304008484,-1.0,11.08303165435791,462.0983293056488,0.01
43,43,0.016559351235628128,-1.0,10.711052417755127,472.80938172340393,0.01
44,44,0.008113733492791653,-1.0,10.967841386795044,483.777223110199,0.01
45,45,0.05005133897066116,-1.0,10.973934888839722,494.7511579990387,0.01
46,46,0.011703134514391422,-1.0,11.243689060211182,505.9948470592499,0.01
47,47,0.014405821450054646,-1.0,11.282358169555664,517.2772052288055,0.01
48,48,0.07525475323200226,-1.0,11.144213914871216,528.4214191436768,0.01
49,49,0.008652182295918465,-1.0,11.141412734985352,539.5628318786621,0.01
50,50,0.1374019980430603,-1.0,10.948267698287964,550.5110995769501,0.01
51,51,0.014601334929466248,-1.0,11.027612447738647,561.5387120246887,0.01
52,52,0.026231274008750916,-1.0,11.451953172683716,572.9906651973724,0.01
53,53,0.014524864964187145,-1.0,11.110841274261475,584.1015064716339,0.01
54,54,0.04472280666232109,-1.0,10.847644805908203,594.9491512775421,0.01
55,55,0.013019248843193054,-1.0,11.087321281433105,606.0364725589752,0.01
56,56,0.017298739403486252,-1.0,11.161987543106079,617.1984601020813,0.01
57,57,0.004828668665140867,-1.0,10.939079999923706,628.137540102005,0.01
58,58,0.007370075676590204,-1.0,10.932636737823486,639.0701768398285,0.01
59,59,0.03567333519458771,-1.0,11.12250828742981,650.1926851272583,0.01
60,60,0.0039604478515684605,89.16,10.995522737503052,661.1882078647614,0.01
