,epoch,training_loss,test_acc,epoch_train_time,total_train_time,lr
0,0,-1.0,45.71,-1.0,-1.0,-1.0
1,1,0.2978120446205139,-1.0,24.590359687805176,24.590359687805176,0.01
2,2,0.13388057053089142,-1.0,21.146403789520264,45.73676347732544,0.01
3,3,0.20233775675296783,-1.0,21.28314995765686,67.0199134349823,0.01
4,4,0.08286518603563309,-1.0,21.825374841690063,88.84528827667236,0.01
5,5,0.013083254918456078,-1.0,20.926517248153687,109.77180552482605,0.01
6,6,0.4161328375339508,-1.0,21.967039823532104,131.73884534835815,0.01
7,7,0.2894476652145386,-1.0,21.069579362869263,152.80842471122742,0.01
8,8,0.11073622107505798,-1.0,22.58412456512451,175.39254927635193,0.01
9,9,0.41573357582092285,-1.0,21.404798984527588,196.79734826087952,0.01
10,10,0.023587645962834358,-1.0,22.81609582901001,219.61344408988953,0.01
11,11,0.010922715999186039,-1.0,21.47115683555603,241.08460092544556,0.01
12,12,0.0077011422254145145,-1.0,22.876397848129272,263.96099877357483,0.01
13,13,0.06151439994573593,-1.0,22.745270013809204,286.70626878738403,0.01
14,14,0.19898062944412231,-1.0,22.05037808418274,308.7566468715668,0.01
15,15,0.14904995262622833,-1.0,21.323115825653076,330.07976269721985,0.01
16,16,0.10982608050107956,-1.0,21.768210649490356,351.8479733467102,0.01
17,17,0.02772073820233345,-1.0,20.80534291267395,372.65331625938416,0.01
18,18,0.28135231137275696,-1.0,22.22471809387207,394.8780343532562,0.01
19,19,0.15324437618255615,-1.0,22.830545663833618,417.70858001708984,0.01
20,20,0.09027943760156631,89.37,22.554463624954224,440.26304364204407,0.01
21,21,0.2006743848323822,-1.0,21.798996448516846,462.0620400905609,0.01
22,22,0.031482890248298645,-1.0,23.20361351966858,485.2656536102295,0.01
23,23,0.06055952236056328,-1.0,22.64779305458069,507.9134466648102,0.01
24,24,0.13510923087596893,-1.0,22.06969380378723,529.9831404685974,0.01
25,25,0.2561781704425812,-1.0,21.29840064048767,551.2815411090851,0.01
26,26,0.10706701129674911,-1.0,24.46631169319153,575.7478528022766,0.01
27,27,0.09500784426927567,-1.0,23.50548005104065,599.2533328533173,0.01
28,28,0.039460375905036926,-1.0,21.010217905044556,620.2635507583618,0.01
29,29,0.25952786207199097,-1.0,21.304237127304077,641.5677878856659,0.01
30,30,0.21881930530071259,-1.0,23.498596668243408,665.0663845539093,0.01
31,31,0.21986769139766693,-1.0,21.763513326644897,686.8298978805542,0.01
32,32,0.27726298570632935,-1.0,22.065143823623657,708.8950417041779,0.01
33,33,0.288161963224411,-1.0,22.549879550933838,731.4449212551117,0.01
34,34,0.021295754238963127,-1.0,21.618080139160156,753.0630013942719,0.01
35,35,0.03250928968191147,-1.0,22.90553903579712,775.968540430069,0.01
36,36,0.026364635676145554,-1.0,21.93463397026062,797.9031744003296,0.01
37,37,0.07636462152004242,-1.0,24.200958967208862,822.1041333675385,0.01
38,38,0.0801706463098526,-1.0,22.588731288909912,844.6928646564484,0.01
39,39,0.03843124583363533,-1.0,22.853090047836304,867.5459547042847,0.01
40,40,0.19373244047164917,88.32,22.60753846168518,890.1534931659698,0.01
41,41,0.4637110233306885,-1.0,21.838943481445312,911.9924366474152,0.01
42,42,0.1456972360610962,-1.0,21.367252588272095,933.3596892356873,0.01
43,43,0.015480327419936657,-1.0,22.175611972808838,955.5353012084961,0.01
44,44,0.16508536040782928,-1.0,21.323748350143433,976.8590495586395,0.01
45,45,0.09277404099702835,-1.0,22.00260639190674,998.8616559505463,0.01
46,46,0.6376730799674988,-1.0,23.004631519317627,1021.8662874698639,0.01
47,47,0.29136723279953003,-1.0,23.443008184432983,1045.3092956542969,0.01
48,48,0.06169559806585312,-1.0,21.772358179092407,1067.0816538333893,0.01
49,49,0.27524060010910034,-1.0,22.410635471343994,1089.4922893047333,0.01
50,50,0.4594801366329193,-1.0,20.85468816757202,1110.3469774723053,0.01
51,51,0.04527062177658081,-1.0,23.422383785247803,1133.769361257553,0.01
52,52,0.24451781809329987,-1.0,21.587108373641968,1155.356469631195,0.01
53,53,0.020779630169272423,-1.0,21.871023178100586,1177.2274928092957,0.01
54,54,0.03867019712924957,-1.0,20.925612688064575,1198.1531054973602,0.01
55,55,0.08178871870040894,-1.0,23.99196171760559,1222.1450672149658,0.01
56,56,0.14624528586864471,-1.0,21.953254461288452,1244.0983216762543,0.01
57,57,0.12529203295707703,-1.0,21.317911624908447,1265.4162333011627,0.01
58,58,0.356397420167923,-1.0,21.44715428352356,1286.8633875846863,0.01
59,59,0.010467718355357647,-1.0,21.679868698120117,1308.5432562828064,0.01
