,epoch,training_loss,test_acc,epoch_train_time,total_train_time,lr
0,0,-1.0,17.41,-1.0,-1.0,-1.0
1,1,0.85912024974823,-1.0,23.237670183181763,23.237670183181763,0.01
2,2,0.9625918865203857,-1.0,23.10724687576294,46.3449170589447,0.01
3,3,1.0171864032745361,-1.0,20.993224143981934,67.33814120292664,0.01
4,4,0.8971583247184753,-1.0,20.88194990158081,88.22009110450745,0.01
5,5,0.6335960030555725,-1.0,22.614055633544922,110.83414673805237,0.01
6,6,1.2231955528259277,-1.0,22.26732349395752,133.1014702320099,0.01
7,7,1.280093789100647,-1.0,20.972604274749756,154.07407450675964,0.01
8,8,0.9114167094230652,-1.0,20.92069959640503,174.99477410316467,0.01
9,9,1.5203580856323242,-1.0,22.09968590736389,197.09446001052856,0.01
10,10,1.5583429336547852,-1.0,22.043755769729614,219.13821578025818,0.01
11,11,1.6953845024108887,-1.0,21.719178438186646,240.85739421844482,0.01
12,12,1.122416615486145,-1.0,20.97252368927002,261.82991790771484,0.01
13,13,1.1850780248641968,-1.0,21.702667713165283,283.5325856208801,0.01
14,14,1.5997333526611328,-1.0,20.959320068359375,304.4919056892395,0.01
15,15,1.3733423948287964,-1.0,22.663448810577393,327.1553544998169,0.01
16,16,1.2880890369415283,-1.0,21.102203130722046,348.25755763053894,0.01
17,17,1.6552151441574097,-1.0,23.007637977600098,371.26519560813904,0.01
18,18,1.6628199815750122,-1.0,23.294345378875732,394.55954098701477,0.01
19,19,1.450989842414856,-1.0,21.05304479598999,415.61258578300476,0.01
20,20,1.8961154222488403,45.85,21.631332874298096,437.24391865730286,0.01
21,21,1.1814731359481812,-1.0,22.51637625694275,459.7602949142456,0.01
22,22,1.5582811832427979,-1.0,22.569081783294678,482.3293766975403,0.01
23,23,1.1212153434753418,-1.0,23.46255111694336,505.79192781448364,0.01
24,24,1.1259649991989136,-1.0,21.743284225463867,527.5352120399475,0.01
25,25,1.775132417678833,-1.0,21.95107102394104,549.4862830638885,0.01
26,26,1.1858841180801392,-1.0,20.62243962287903,570.1087226867676,0.01
27,27,1.5338166952133179,-1.0,21.366329193115234,591.4750518798828,0.01
28,28,1.4300973415374756,-1.0,20.770339250564575,612.2453911304474,0.01
29,29,1.6720023155212402,-1.0,21.919867515563965,634.1652586460114,0.01
30,30,1.5848360061645508,-1.0,21.925822734832764,656.0910813808441,0.01
31,31,1.928491234779358,-1.0,21.792292833328247,677.8833742141724,0.01
32,32,1.3956676721572876,-1.0,22.474745988845825,700.3581202030182,0.01
33,33,1.5876938104629517,-1.0,22.713188409805298,723.0713086128235,0.01
34,34,1.3983731269836426,-1.0,21.892494916915894,744.9638035297394,0.01
35,35,1.5591486692428589,-1.0,21.568661212921143,766.5324647426605,0.01
36,36,1.2162034511566162,-1.0,22.935302257537842,789.4677670001984,0.01
37,37,1.7576520442962646,-1.0,22.475390195846558,811.9431571960449,0.01
38,38,1.3168987035751343,-1.0,22.218059301376343,834.1612164974213,0.01
39,39,1.7018275260925293,-1.0,22.56842827796936,856.7296447753906,0.01
40,40,1.4780545234680176,46.75,23.784739017486572,880.5143837928772,0.01
41,41,1.4584617614746094,-1.0,22.684648752212524,903.1990325450897,0.01
42,42,1.846497654914856,-1.0,21.484060525894165,924.6830930709839,0.01
43,43,1.5791740417480469,-1.0,22.49368166923523,947.1767747402191,0.01
44,44,1.7220348119735718,-1.0,21.839804887771606,969.0165796279907,0.01
45,45,1.4426016807556152,-1.0,21.755241632461548,990.7718212604523,0.01
46,46,1.7774975299835205,-1.0,21.54646944999695,1012.3182907104492,0.01
47,47,1.7009917497634888,-1.0,22.23466968536377,1034.552960395813,0.01
48,48,1.0152837038040161,-1.0,21.427183866500854,1055.9801442623138,0.01
49,49,1.8684462308883667,-1.0,21.58858561515808,1077.568729877472,0.01
50,50,1.6362172365188599,-1.0,21.352855682373047,1098.921585559845,0.01
51,51,1.6220389604568481,-1.0,21.398289442062378,1120.3198750019073,0.01
52,52,1.8210031986236572,-1.0,22.85738444328308,1143.1772594451904,0.01
53,53,1.5128403902053833,-1.0,21.186795473098755,1164.3640549182892,0.01
54,54,1.382274866104126,-1.0,23.235191822052002,1187.5992467403412,0.01
55,55,1.277658224105835,-1.0,20.87070393562317,1208.4699506759644,0.01
56,56,1.663170337677002,-1.0,21.222034692764282,1229.6919853687286,0.01
57,57,1.6477333307266235,-1.0,22.169161558151245,1251.8611469268799,0.01
58,58,1.3634568452835083,-1.0,22.205052614212036,1274.066199541092,0.01
59,59,1.2983038425445557,-1.0,23.670639276504517,1297.7368388175964,0.01
60,60,1.688857078552246,44.63,22.803734064102173,1320.5405728816986,0.01
