,epoch,training_loss,test_acc,epoch_train_time,total_train_time,lr
0,0,-1.0,47.09,-1.0,-1.0,-1.0
1,1,0.1920485645532608,-1.0,34.706040382385254,34.706040382385254,0.01
2,2,0.0247525442391634,-1.0,23.888197422027588,58.59423780441284,0.01
3,3,0.20005223155021667,-1.0,22.368371963500977,80.96260976791382,0.01
4,4,0.009845524094998837,-1.0,21.815948486328125,102.77855825424194,0.01
5,5,0.00899192038923502,-1.0,21.912269592285156,124.6908278465271,0.01
6,6,0.2644956111907959,-1.0,25.69622230529785,150.38705015182495,0.01
7,7,0.34059375524520874,-1.0,22.39756727218628,172.78461742401123,0.01
8,8,0.01172817312180996,-1.0,23.141321659088135,195.92593908309937,0.01
9,9,0.18249937891960144,-1.0,23.204995155334473,219.13093423843384,0.01
10,10,0.0017412868328392506,-1.0,22.77195644378662,241.90289068222046,0.01
11,11,0.024435438215732574,-1.0,21.372234106063843,263.2751247882843,0.01
12,12,0.00026402692310512066,-1.0,24.070002794265747,287.34512758255005,0.01
13,13,0.005474565550684929,-1.0,21.69249987602234,309.0376274585724,0.01
14,14,0.0198975782841444,-1.0,20.972530841827393,330.0101583003998,0.01
15,15,0.0549304224550724,-1.0,21.140498876571655,351.15065717697144,0.01
16,16,0.09233995527029037,-1.0,21.57816219329834,372.7288193702698,0.01
17,17,0.013788746669888496,-1.0,22.421216011047363,395.15003538131714,0.01
18,18,0.005593311972916126,-1.0,22.980194807052612,418.13023018836975,0.01
19,19,0.020786259323358536,-1.0,23.30776333808899,441.43799352645874,0.01
20,20,0.010544180870056152,90.54,21.0502610206604,462.48825454711914,0.01
21,21,0.12375077605247498,-1.0,23.48729157447815,485.9755461215973,0.01
22,22,0.015126869082450867,-1.0,23.350630283355713,509.326176404953,0.01
23,23,0.00768126267939806,-1.0,21.64628529548645,530.9724617004395,0.01
24,24,0.022033385932445526,-1.0,21.26166343688965,552.2341251373291,0.01
25,25,0.2150210589170456,-1.0,21.047325611114502,573.2814507484436,0.01
26,26,0.0028384625911712646,-1.0,21.586827516555786,594.8682782649994,0.01
27,27,0.020625807344913483,-1.0,22.7203631401062,617.5886414051056,0.01
28,28,0.012684809044003487,-1.0,23.749625205993652,641.3382666110992,0.01
29,29,0.29307758808135986,-1.0,22.22313117980957,663.5613977909088,0.01
30,30,0.00326823559589684,-1.0,21.974616289138794,685.5360140800476,0.01
31,31,0.46873319149017334,-1.0,21.064240217208862,706.6002542972565,0.01
32,32,0.09426053613424301,-1.0,22.31091594696045,728.9111702442169,0.01
33,33,0.05639779940247536,-1.0,22.117576360702515,751.0287466049194,0.01
34,34,0.014509791508316994,-1.0,21.52764344215393,772.5563900470734,0.01
35,35,0.05453227460384369,-1.0,24.78127670288086,797.3376667499542,0.01
36,36,0.1340012550354004,-1.0,22.758322715759277,820.0959894657135,0.01
37,37,0.103668212890625,-1.0,22.324812173843384,842.4208016395569,0.01
38,38,0.007583668455481529,-1.0,22.91583275794983,865.3366343975067,0.01
39,39,0.056020885705947876,-1.0,22.46656107902527,887.803195476532,0.01
40,40,0.015291066840291023,90.29,22.660943508148193,910.4641389846802,0.01
41,41,0.283304899930954,-1.0,22.55686068534851,933.0209996700287,0.01
42,42,0.02244427427649498,-1.0,21.00053095817566,954.0215306282043,0.01
43,43,0.0011122466530650854,-1.0,21.15654420852661,975.178074836731,0.01
44,44,0.3348187208175659,-1.0,22.631055116653442,997.8091299533844,0.01
45,45,0.015580189414322376,-1.0,22.011509895324707,1019.8206398487091,0.01
46,46,0.06037166342139244,-1.0,22.612332105636597,1042.4329719543457,0.01
47,47,0.2753964364528656,-1.0,23.248244762420654,1065.6812167167664,0.01
48,48,0.002075198572129011,-1.0,22.277631998062134,1087.9588487148285,0.01
49,49,0.17780786752700806,-1.0,22.301355361938477,1110.260204076767,0.01
50,50,0.14494603872299194,-1.0,23.073140859603882,1133.3333449363708,0.01
51,51,0.006732937879860401,-1.0,21.11335253715515,1154.446697473526,0.01
52,52,0.09535090625286102,-1.0,23.695012092590332,1178.1417095661163,0.01
53,53,0.002454776084050536,-1.0,24.612804889678955,1202.7545144557953,0.01
54,54,0.02702813781797886,-1.0,22.52964496612549,1225.2841594219208,0.01
55,55,0.004940946586430073,-1.0,22.495638608932495,1247.7797980308533,0.01
56,56,0.06968916952610016,-1.0,21.45994758605957,1269.2397456169128,0.01
57,57,0.01606186106801033,-1.0,23.07516598701477,1292.3149116039276,0.01
58,58,0.1616833657026291,-1.0,21.915586233139038,1314.2304978370667,0.01
59,59,0.0018666498363018036,-1.0,22.14416480064392,1336.3746626377106,0.01
