,epoch,training_loss,test_acc,epoch_train_time,total_train_time,lr
0,0,-1.0,39.34,-1.0,-1.0,-1.0
1,1,0.26382941007614136,-1.0,21.217456102371216,21.217456102371216,0.01
2,2,0.25377145409584045,-1.0,20.576016426086426,41.79347252845764,0.01
3,3,0.3896919786930084,-1.0,20.75711154937744,62.55058407783508,0.01
4,4,0.06782447546720505,-1.0,24.82270359992981,87.37328767776489,0.01
5,5,0.05746064335107803,-1.0,20.602487325668335,107.97577500343323,0.01
6,6,0.7663097381591797,-1.0,20.886945724487305,128.86272072792053,0.01
7,7,0.35825005173683167,-1.0,20.491226196289062,149.3539469242096,0.01
8,8,0.191386416554451,-1.0,20.455045700073242,169.80899262428284,0.01
9,9,0.4319171905517578,-1.0,20.43257761001587,190.2415702342987,0.01
10,10,0.3062437176704407,-1.0,21.91867423057556,212.16024446487427,0.01
11,11,0.22311855852603912,-1.0,21.518107414245605,233.67835187911987,0.01
12,12,0.19449029862880707,-1.0,20.525319576263428,254.2036714553833,0.01
13,13,0.21299050748348236,-1.0,20.392337322235107,274.5960087776184,0.01
14,14,0.6378326416015625,-1.0,20.841848373413086,295.4378571510315,0.01
15,15,0.30956318974494934,-1.0,23.794407844543457,319.23226499557495,0.01
16,16,0.39809077978134155,-1.0,20.770941019058228,340.0032060146332,0.01
17,17,0.6937897205352783,-1.0,21.058191299438477,361.06139731407166,0.01
18,18,0.3303963840007782,-1.0,22.108368635177612,383.16976594924927,0.01
19,19,0.5512458086013794,-1.0,20.34022307395935,403.5099890232086,0.01
20,20,0.49647217988967896,80.12,22.955829620361328,426.46581864356995,0.01
21,21,0.4553738534450531,-1.0,21.207230806350708,447.67304944992065,0.01
22,22,0.3042891025543213,-1.0,22.079246520996094,469.75229597091675,0.01
23,23,0.17567022144794464,-1.0,22.300861120224,492.05315709114075,0.01
24,24,0.5512972474098206,-1.0,23.475642681121826,515.5287997722626,0.01
25,25,0.5381389260292053,-1.0,20.713945388793945,536.2427451610565,0.01
26,26,0.40218067169189453,-1.0,21.22963833808899,557.4723834991455,0.01
27,27,0.5307097434997559,-1.0,22.181668996810913,579.6540524959564,0.01
28,28,0.395393431186676,-1.0,21.38332986831665,601.0373823642731,0.01
29,29,0.6459732055664062,-1.0,23.192620277404785,624.2300026416779,0.01
30,30,0.6382898688316345,-1.0,20.47043466567993,644.7004373073578,0.01
31,31,0.5446631908416748,-1.0,21.042516469955444,665.7429537773132,0.01
32,32,0.9537625908851624,-1.0,23.721071481704712,689.464025259018,0.01
33,33,0.5722148418426514,-1.0,21.57441806793213,711.0384433269501,0.01
34,34,0.35229694843292236,-1.0,20.464349508285522,731.5027928352356,0.01
35,35,0.39381614327430725,-1.0,22.277410745620728,753.7802035808563,0.01
36,36,0.7000037431716919,-1.0,20.747410774230957,774.5276143550873,0.01
37,37,0.4439806342124939,-1.0,20.522988319396973,795.0506026744843,0.01
38,38,0.16158026456832886,-1.0,21.1929349899292,816.2435376644135,0.01
39,39,0.388256698846817,-1.0,20.937825679779053,837.1813633441925,0.01
40,40,0.3432765007019043,82.24,24.933650970458984,862.1150143146515,0.01
41,41,0.43361538648605347,-1.0,21.583178997039795,883.6981933116913,0.01
42,42,1.0226037502288818,-1.0,21.67521858215332,905.3734118938446,0.01
43,43,0.16808973252773285,-1.0,22.45116376876831,927.8245756626129,0.01
44,44,0.3878600001335144,-1.0,20.829979419708252,948.6545550823212,0.01
45,45,0.4513048827648163,-1.0,21.787773370742798,970.442328453064,0.01
46,46,0.81348717212677,-1.0,20.581300973892212,991.0236294269562,0.01
47,47,0.7554382085800171,-1.0,21.212966203689575,1012.2365956306458,0.01
48,48,0.07584325969219208,-1.0,21.452366828918457,1033.6889624595642,0.01
49,49,0.4662792682647705,-1.0,20.82855725288391,1054.5175197124481,0.01
50,50,0.8831887245178223,-1.0,21.600271463394165,1076.1177911758423,0.01
51,51,0.4488176703453064,-1.0,21.54729986190796,1097.6650910377502,0.01
52,52,0.6054673790931702,-1.0,21.4257071018219,1119.0907981395721,0.01
53,53,0.24044319987297058,-1.0,20.7662136554718,1139.857011795044,0.01
54,54,0.31147393584251404,-1.0,21.03055477142334,1160.8875665664673,0.01
55,55,0.7590730786323547,-1.0,21.2662672996521,1182.1538338661194,0.01
56,56,0.502557635307312,-1.0,23.31376361846924,1205.4675974845886,0.01
57,57,0.7823532223701477,-1.0,22.01939034461975,1227.4869878292084,0.01
58,58,1.0029653310775757,-1.0,23.132545709609985,1250.6195335388184,0.01
59,59,0.3300706446170807,-1.0,21.61405348777771,1272.233587026596,0.01
