,epoch,training_loss,test_acc,epoch_train_time,total_train_time,lr
0,0,-1.0,11.59,-1.0,-1.0,-1.0
1,1,0.291748046875,-1.0,10.923880577087402,10.923880577087402,0.01
2,2,0.1348876953125,-1.0,11.343322277069092,22.267202854156494,0.01
3,3,0.2220458984375,-1.0,10.888966083526611,33.156168937683105,0.01
4,4,0.0997314453125,-1.0,10.999817371368408,44.155986309051514,0.01
5,5,0.1934814453125,-1.0,11.35751485824585,55.51350116729736,0.01
6,6,0.14697265625,-1.0,11.298070192337036,66.8115713596344,0.01
7,7,0.193115234375,-1.0,11.03134274482727,77.84291410446167,0.01
8,8,0.09552001953125,-1.0,10.93462872505188,88.77754282951355,0.01
9,9,0.1416015625,-1.0,10.858630418777466,99.63617324829102,0.01
10,10,0.06536865234375,-1.0,11.043128728866577,110.67930197715759,0.01
11,11,0.1439208984375,-1.0,11.010592222213745,121.68989419937134,0.01
12,12,0.05255126953125,-1.0,10.820978164672852,132.5108723640442,0.01
13,13,0.1915283203125,-1.0,11.232558965682983,143.74343132972717,0.01
14,14,0.0557861328125,-1.0,11.04144835472107,154.78487968444824,0.01
15,15,0.081298828125,-1.0,11.04773998260498,165.83261966705322,0.01
16,16,0.019256591796875,-1.0,11.088413715362549,176.92103338241577,0.01
17,17,0.101318359375,-1.0,11.195212364196777,188.11624574661255,0.01
18,18,0.1290283203125,-1.0,10.927884340286255,199.0441300868988,0.01
19,19,0.1324462890625,-1.0,10.83809518814087,209.88222527503967,0.01
20,20,0.060028076171875,88.24,11.121585845947266,221.00381112098694,0.01
21,21,0.0977783203125,-1.0,11.125499486923218,232.12931060791016,0.01
22,22,0.05731201171875,-1.0,11.061305284500122,243.19061589241028,0.01
23,23,0.09136962890625,-1.0,11.681068420410156,254.87168431282043,0.01
24,24,0.058380126953125,-1.0,10.919484853744507,265.79116916656494,0.01
25,25,0.02545166015625,-1.0,10.762094974517822,276.55326414108276,0.01
26,26,0.040496826171875,-1.0,11.03757119178772,287.5908353328705,0.01
27,27,0.1029052734375,-1.0,11.19247055053711,298.7833058834076,0.01
28,28,0.051971435546875,-1.0,10.703657627105713,309.4869635105133,0.01
29,29,0.0728759765625,-1.0,11.062303066253662,320.54926657676697,0.01
30,30,0.07745361328125,-1.0,11.113580703735352,331.6628472805023,0.01
31,31,0.006885528564453125,-1.0,10.981134414672852,342.64398169517517,0.01
32,32,0.0193328857421875,-1.0,11.093837976455688,353.73781967163086,0.01
33,33,0.1083984375,-1.0,10.98381781578064,364.7216374874115,0.01
34,34,0.05389404296875,-1.0,11.012482166290283,375.7341196537018,0.01
35,35,0.064453125,-1.0,10.99161958694458,386.72573924064636,0.01
36,36,0.1414794921875,-1.0,10.942973852157593,397.66871309280396,0.01
37,37,0.09649658203125,-1.0,11.01604413986206,408.684757232666,0.01
38,38,0.0245208740234375,-1.0,11.02913236618042,419.71388959884644,0.01
39,39,0.18017578125,-1.0,10.973488807678223,430.68737840652466,0.01
40,40,0.15234375,88.84,11.123348712921143,441.8107271194458,0.01
41,41,0.04608154296875,-1.0,10.772008895874023,452.5827360153198,0.01
42,42,0.00440216064453125,-1.0,11.048898935317993,463.6316349506378,0.01
43,43,0.07305908203125,-1.0,11.253499984741211,474.885134935379,0.01
44,44,0.0372314453125,-1.0,11.053690910339355,485.9388258457184,0.01
45,45,0.017364501953125,-1.0,11.123947143554688,497.06277298927307,0.01
46,46,0.0267486572265625,-1.0,10.94263243675232,508.0054054260254,0.01
47,47,0.09173583984375,-1.0,11.075366258621216,519.0807716846466,0.01
48,48,0.0206756591796875,-1.0,11.34632396697998,530.4270956516266,0.01
49,49,0.0178985595703125,-1.0,11.118834972381592,541.5459306240082,0.01
50,50,0.0196075439453125,-1.0,10.990304470062256,552.5362350940704,0.01
51,51,0.052978515625,-1.0,11.099640369415283,563.6358754634857,0.01
52,52,0.00792694091796875,-1.0,10.950141429901123,574.5860168933868,0.01
53,53,0.034393310546875,-1.0,11.218141317367554,585.8041582107544,0.01
54,54,0.1436767578125,-1.0,10.894964694976807,596.6991229057312,0.01
55,55,0.025146484375,-1.0,11.516479730606079,608.2156026363373,0.01
56,56,0.039703369140625,-1.0,11.576719760894775,619.792322397232,0.01
57,57,0.015106201171875,-1.0,10.987651348114014,630.7799737453461,0.01
58,58,0.03399658203125,-1.0,11.49931263923645,642.2792863845825,0.01
59,59,0.035125732421875,-1.0,11.368114948272705,653.6474013328552,0.01
60,60,0.08367919921875,89.01,10.984962224960327,664.6323635578156,0.01
