,epoch,training_loss,test_acc,epoch_train_time,total_train_time,lr
0,0,-1.0,63.14,-1.0,-1.0,-1.0
1,1,0.098876953125,-1.0,10.835689544677734,10.835689544677734,0.01
2,2,0.1497802734375,-1.0,10.894009590148926,21.72969913482666,0.01
3,3,0.0994873046875,-1.0,10.78664517402649,32.51634430885315,0.01
4,4,0.1895751953125,-1.0,10.952359914779663,43.46870422363281,0.01
5,5,0.202392578125,-1.0,10.958042860031128,54.42674708366394,0.01
6,6,0.2568359375,-1.0,10.971083164215088,65.39783024787903,0.01
7,7,0.2222900390625,-1.0,11.165332555770874,76.5631628036499,0.01
8,8,0.2117919921875,-1.0,11.481030464172363,88.04419326782227,0.01
9,9,0.195068359375,-1.0,11.158909797668457,99.20310306549072,0.01
10,10,0.081298828125,-1.0,11.01979947090149,110.22290253639221,0.01
11,11,0.102294921875,-1.0,11.067254066467285,121.2901566028595,0.01
12,12,0.07061767578125,-1.0,10.951492071151733,132.24164867401123,0.01
13,13,0.1064453125,-1.0,11.479396104812622,143.72104477882385,0.01
14,14,0.0357666015625,-1.0,11.018073320388794,154.73911809921265,0.01
15,15,0.06573486328125,-1.0,10.873991966247559,165.6131100654602,0.01
16,16,0.10693359375,-1.0,11.369757890701294,176.9828679561615,0.01
17,17,0.06756591796875,-1.0,11.177441120147705,188.1603090763092,0.01
18,18,0.0572509765625,-1.0,10.972139596939087,199.1324486732483,0.01
19,19,0.1260986328125,-1.0,10.970542907714844,210.10299158096313,0.01
20,20,0.089599609375,89.1,11.570557832717896,221.67354941368103,0.01
21,21,0.130615234375,-1.0,10.919612169265747,232.59316158294678,0.01
22,22,0.1441650390625,-1.0,10.868328094482422,243.4614896774292,0.01
23,23,0.0435791015625,-1.0,11.101569175720215,254.5630588531494,0.01
24,24,0.07952880859375,-1.0,11.069297075271606,265.632355928421,0.01
25,25,0.060791015625,-1.0,11.231469869613647,276.86382579803467,0.01
26,26,0.0235443115234375,-1.0,11.088123798370361,287.95194959640503,0.01
27,27,0.07122802734375,-1.0,11.365681648254395,299.3176312446594,0.01
28,28,0.106201171875,-1.0,10.915100812911987,310.2327320575714,0.01
29,29,0.04132080078125,-1.0,10.674994468688965,320.9077265262604,0.01
30,30,0.10821533203125,-1.0,11.020169973373413,331.9278964996338,0.01
31,31,0.042236328125,-1.0,11.139347791671753,343.06724429130554,0.01
32,32,0.08221435546875,-1.0,10.870921611785889,353.93816590309143,0.01
33,33,0.007602691650390625,-1.0,10.95542597770691,364.89359188079834,0.01
34,34,0.0164642333984375,-1.0,10.966922283172607,375.86051416397095,0.01
35,35,0.0243377685546875,-1.0,10.826053380966187,386.68656754493713,0.01
36,36,0.062103271484375,-1.0,11.093654870986938,397.7802224159241,0.01
37,37,0.045562744140625,-1.0,11.143728494644165,408.92395091056824,0.01
38,38,0.00745391845703125,-1.0,11.340612411499023,420.26456332206726,0.01
39,39,0.01910400390625,-1.0,10.756993532180786,431.02155685424805,0.01
40,40,0.05029296875,88.83,11.189412832260132,442.2109696865082,0.01
41,41,0.050537109375,-1.0,10.860740661621094,453.0717103481293,0.01
42,42,0.032958984375,-1.0,10.813526630401611,463.8852369785309,0.01
43,43,0.0233306884765625,-1.0,11.06867265701294,474.9539096355438,0.01
44,44,0.01000213623046875,-1.0,10.648621320724487,485.6025309562683,0.01
45,45,0.00809478759765625,-1.0,11.07747220993042,496.68000316619873,0.01
46,46,0.039306640625,-1.0,11.175657749176025,507.85566091537476,0.01
47,47,0.054840087890625,-1.0,11.478691816329956,519.3343527317047,0.01
48,48,0.040191650390625,-1.0,11.47961974143982,530.8139724731445,0.01
49,49,0.031402587890625,-1.0,11.033207654953003,541.8471801280975,0.01
50,50,0.038818359375,-1.0,11.175434350967407,553.0226144790649,0.01
51,51,0.0153961181640625,-1.0,11.074779272079468,564.0973937511444,0.01
52,52,0.0229644775390625,-1.0,11.157215595245361,575.2546093463898,0.01
53,53,0.0181121826171875,-1.0,11.023039102554321,586.2776484489441,0.01
54,54,0.031494140625,-1.0,10.931920289993286,597.2095687389374,0.01
55,55,0.07012939453125,-1.0,11.224132061004639,608.433700799942,0.01
56,56,0.027374267578125,-1.0,11.063830375671387,619.4975311756134,0.01
57,57,0.0094757080078125,-1.0,11.035697937011719,630.5332291126251,0.01
58,58,0.0408935546875,-1.0,11.011558055877686,641.5447871685028,0.01
59,59,0.0253753662109375,-1.0,11.079511165618896,652.6242983341217,0.01
60,60,0.076171875,89.5,11.22915768623352,663.8534560203552,0.01
