,epoch,training_loss,test_acc,epoch_train_time,total_train_time,lr
0,0,-1.0,11.59,-1.0,-1.0,-1.0
1,1,0.279684841632843,-1.0,11.61172866821289,11.61172866821289,0.01
2,2,0.1283404529094696,-1.0,11.656473159790039,23.26820182800293,0.01
3,3,0.2097693681716919,-1.0,11.94787335395813,35.21607518196106,0.01
4,4,0.10004349797964096,-1.0,11.377999544143677,46.594074726104736,0.01
5,5,0.1798667013645172,-1.0,11.435745239257812,58.02981996536255,0.01
6,6,0.13094890117645264,-1.0,11.257894515991211,69.28771448135376,0.01
7,7,0.16420458257198334,-1.0,11.281640768051147,80.56935524940491,0.01
8,8,0.10250946134328842,-1.0,11.54210638999939,92.1114616394043,0.01
9,9,0.14727471768856049,-1.0,11.739616394042969,103.85107803344727,0.01
10,10,0.08168382197618484,-1.0,11.67614221572876,115.52722024917603,0.01
11,11,0.1652146875858307,-1.0,11.555384635925293,127.08260488510132,0.01
12,12,0.06935945153236389,-1.0,11.589476585388184,138.6720814704895,0.01
13,13,0.18531973659992218,-1.0,11.445460796356201,150.1175422668457,0.01
14,14,0.06280262023210526,-1.0,11.62703800201416,161.74458026885986,0.01
15,15,0.15526792407035828,-1.0,11.40667462348938,173.15125489234924,0.01
16,16,0.01814921386539936,-1.0,11.399399995803833,184.55065488815308,0.01
17,17,0.10951058566570282,-1.0,11.7492835521698,196.29993844032288,0.01
18,18,0.10998392105102539,-1.0,11.7790846824646,208.07902312278748,0.01
19,19,0.11462680995464325,-1.0,11.56749439239502,219.6465175151825,0.01
20,20,0.08893050998449326,88.4,11.81929326057434,231.46581077575684,0.01
21,21,0.10712119191884995,-1.0,11.1958749294281,242.66168570518494,0.01
22,22,0.05286242812871933,-1.0,11.482531309127808,254.14421701431274,0.01
23,23,0.09113608300685883,-1.0,11.584491729736328,265.7287087440491,0.01
24,24,0.06075571849942207,-1.0,11.770015954971313,277.4987246990204,0.01
25,25,0.03233028203248978,-1.0,11.676417827606201,289.1751425266266,0.01
26,26,0.06781283020973206,-1.0,11.952043294906616,301.1271858215332,0.01
27,27,0.06793235242366791,-1.0,11.558342933654785,312.685528755188,0.01
28,28,0.059982407838106155,-1.0,11.327114343643188,324.0126430988312,0.01
29,29,0.051152028143405914,-1.0,11.733829259872437,335.7464723587036,0.01
30,30,0.06600333005189896,-1.0,11.68353819847107,347.4300105571747,0.01
31,31,0.02472502365708351,-1.0,11.648422956466675,359.07843351364136,0.01
32,32,0.008323236368596554,-1.0,11.340572118759155,370.4190056324005,0.01
33,33,0.05584513396024704,-1.0,11.431714057922363,381.8507196903229,0.01
34,34,0.08613355457782745,-1.0,11.605533123016357,393.45625281333923,0.01
35,35,0.03876941278576851,-1.0,11.330489158630371,404.7867419719696,0.01
36,36,0.11462736129760742,-1.0,11.979829788208008,416.7665717601776,0.01
37,37,0.03735916316509247,-1.0,11.708065271377563,428.4746370315552,0.01
38,38,0.013641308061778545,-1.0,11.763691902160645,440.2383289337158,0.01
39,39,0.05547751113772392,-1.0,11.32624077796936,451.5645697116852,0.01
40,40,0.10913284122943878,88.71,11.820091962814331,463.3846616744995,0.01
41,41,0.016222123056650162,-1.0,11.424753665924072,474.8094153404236,0.01
42,42,0.044323742389678955,-1.0,11.60890531539917,486.41832065582275,0.01
43,43,0.012002963572740555,-1.0,11.619670629501343,498.0379912853241,0.01
44,44,0.04392091929912567,-1.0,11.434500694274902,509.472491979599,0.01
45,45,0.008903739973902702,-1.0,11.828264951705933,521.3007569313049,0.01
46,46,0.04934265464544296,-1.0,11.350398302078247,532.6511552333832,0.01
47,47,0.018343430012464523,-1.0,11.90378999710083,544.554945230484,0.01
48,48,0.043716635555028915,-1.0,11.358599185943604,555.9135444164276,0.01
49,49,0.05343204736709595,-1.0,11.480928659439087,567.3944730758667,0.01
50,50,0.0774150937795639,-1.0,11.438461303710938,578.8329343795776,0.01
51,51,0.023137638345360756,-1.0,11.203803777694702,590.0367381572723,0.01
52,52,0.11265067756175995,-1.0,11.510224103927612,601.5469622612,0.01
53,53,0.013607330620288849,-1.0,11.70497441291809,613.251936674118,0.01
54,54,0.029716286808252335,-1.0,11.283366203308105,624.5353028774261,0.01
55,55,0.10068456828594208,-1.0,11.516680479049683,636.0519833564758,0.01
56,56,0.020405534654855728,-1.0,11.359588384628296,647.4115717411041,0.01
57,57,0.009954243898391724,-1.0,11.3354332447052,658.7470049858093,0.01
58,58,0.019877541810274124,-1.0,11.152567386627197,669.8995723724365,0.01
59,59,0.03180339187383652,-1.0,11.477526426315308,681.3770987987518,0.01
60,60,0.023194247856736183,88.91,11.361024856567383,692.7381236553192,0.01
