,epoch,training_loss,test_acc,epoch_train_time,total_train_time,lr
0,0,-1.0,47.57,-1.0,-1.0,-1.0
1,1,0.03851153329014778,-1.0,11.774108648300171,11.774108648300171,0.01
2,2,0.05816448852419853,-1.0,11.549641370773315,23.323750019073486,0.01
3,3,0.04686068370938301,-1.0,11.79506802558899,35.118818044662476,0.01
4,4,0.0215752013027668,-1.0,11.365892887115479,46.484710931777954,0.01
5,5,0.08889267593622208,-1.0,11.421587228775024,57.90629816055298,0.01
6,6,0.04831940680742264,-1.0,11.516911029815674,69.42320919036865,0.01
7,7,0.15416769683361053,-1.0,11.212260484695435,80.63546967506409,0.01
8,8,0.04743209853768349,-1.0,11.272039651870728,91.90750932693481,0.01
9,9,0.031043823808431625,-1.0,11.65179991722107,103.55930924415588,0.01
10,10,0.012608001939952374,-1.0,11.462329149246216,115.0216383934021,0.01
11,11,0.11015602201223373,-1.0,11.757296800613403,126.7789351940155,0.01
12,12,0.015724224969744682,-1.0,10.993815183639526,137.77275037765503,0.01
13,13,0.016300003975629807,-1.0,11.44212555885315,149.21487593650818,0.01
14,14,0.03871924430131912,-1.0,11.612226009368896,160.82710194587708,0.01
15,15,0.005945994518697262,-1.0,12.013997077941895,172.84109902381897,0.01
16,16,0.021705690771341324,-1.0,11.453809976577759,184.29490900039673,0.01
17,17,0.0167208444327116,-1.0,11.294525146484375,195.5894341468811,0.01
18,18,0.009601829573512077,-1.0,11.536186933517456,207.12562108039856,0.01
19,19,0.011735078878700733,-1.0,11.480514764785767,218.60613584518433,0.01
20,20,0.00361076882109046,91.78,11.297516822814941,229.90365266799927,0.01
21,21,0.044394247233867645,-1.0,11.463617086410522,241.3672697544098,0.01
22,22,0.002560465596616268,-1.0,11.667268514633179,253.03453826904297,0.01
23,23,0.005731330253183842,-1.0,11.78217339515686,264.81671166419983,0.01
24,24,0.01800743117928505,-1.0,11.953930377960205,276.77064204216003,0.01
25,25,0.03308983892202377,-1.0,11.754517316818237,288.52515935897827,0.01
26,26,0.03240948170423508,-1.0,11.362084150314331,299.8872435092926,0.01
27,27,0.004424185957759619,-1.0,11.97490668296814,311.86215019226074,0.01
28,28,0.0007036334136500955,-1.0,11.84866452217102,323.71081471443176,0.01
29,29,0.06543384492397308,-1.0,12.343521118164062,336.0543358325958,0.01
30,30,0.00600480055436492,-1.0,12.31365180015564,348.36798763275146,0.01
31,31,0.15509825944900513,-1.0,11.607440948486328,359.9754285812378,0.01
32,32,0.008418288081884384,-1.0,11.538284301757812,371.5137128829956,0.01
33,33,0.04862111061811447,-1.0,11.911744832992554,383.42545771598816,0.01
34,34,0.00784017238765955,-1.0,12.032107591629028,395.4575653076172,0.01
35,35,0.05043499916791916,-1.0,11.642826080322266,407.10039138793945,0.01
36,36,0.0070424759760499,-1.0,11.848631858825684,418.94902324676514,0.01
37,37,0.023974690586328506,-1.0,11.51169466972351,430.46071791648865,0.01
38,38,0.027508389204740524,-1.0,11.341183423995972,441.8019013404846,0.01
39,39,0.009562602266669273,-1.0,11.557399034500122,453.35930037498474,0.01
40,40,0.019985418766736984,91.4,12.07025146484375,465.4295518398285,0.01
41,41,0.04642608016729355,-1.0,11.829323291778564,477.25887513160706,0.01
42,42,0.03184383735060692,-1.0,11.704788208007812,488.96366333961487,0.01
43,43,0.006169847212731838,-1.0,11.782354593276978,500.74601793289185,0.01
44,44,0.00041190796764567494,-1.0,11.831281661987305,512.5772995948792,0.01
45,45,0.00755555322393775,-1.0,11.852056980133057,524.4293565750122,0.01
46,46,0.01257611345499754,-1.0,11.86943531036377,536.298791885376,0.01
47,47,0.0003560084442142397,-1.0,11.44374680519104,547.742538690567,0.01
48,48,0.010453478433191776,-1.0,11.318926334381104,559.0614650249481,0.01
49,49,0.0023349463008344173,-1.0,11.695333480834961,570.7567985057831,0.01
50,50,0.000735736801289022,-1.0,12.127106428146362,582.8839049339294,0.01
51,51,0.02372892014682293,-1.0,11.69011926651001,594.5740242004395,0.01
52,52,0.0008329497650265694,-1.0,11.526493072509766,606.1005172729492,0.01
53,53,0.0023189145140349865,-1.0,11.765491485595703,617.8660087585449,0.01
54,54,0.041023362427949905,-1.0,11.70933985710144,629.5753486156464,0.01
55,55,0.021921595558524132,-1.0,11.87209177017212,641.4474403858185,0.01
56,56,0.005355591885745525,-1.0,11.779696941375732,653.2271373271942,0.01
57,57,0.0069352807477116585,-1.0,11.892133474349976,665.1192708015442,0.01
58,58,0.056494735181331635,-1.0,12.163544416427612,677.2828152179718,0.01
59,59,0.009256994351744652,-1.0,11.93381929397583,689.2166345119476,0.01
60,60,0.007918711751699448,91.98,11.90811276435852,701.1247472763062,0.01
