,epoch,training_loss,test_acc,epoch_train_time,total_train_time,lr
0,0,-1.0,10.0,-1.0,-1.0,-1.0
1,1,0.6068975925445557,-1.0,21.668049097061157,21.668049097061157,0.01
2,2,0.3920327425003052,-1.0,22.813642263412476,44.48169136047363,0.01
3,3,0.06914547085762024,-1.0,22.706567525863647,67.18825888633728,0.01
4,4,0.25368860363960266,-1.0,22.338951349258423,89.5272102355957,0.01
5,5,0.309239000082016,-1.0,23.564379930496216,113.09159016609192,0.01
6,6,0.04637247323989868,-1.0,23.87867784500122,136.97026801109314,0.01
7,7,0.6790614128112793,-1.0,24.15751552581787,161.127783536911,0.01
8,8,0.3449958860874176,-1.0,23.94832134246826,185.07610487937927,0.01
9,9,0.31871163845062256,-1.0,24.465148210525513,209.54125308990479,0.01
10,10,0.02603767439723015,86.97,23.91441559791565,233.45566868782043,0.01
11,11,0.22059617936611176,-1.0,23.27396845817566,256.7296371459961,0.01
12,12,0.44095006585121155,-1.0,23.723246574401855,280.45288372039795,0.01
13,13,0.6410856246948242,-1.0,21.99064350128174,302.4435272216797,0.01
14,14,0.6666339039802551,-1.0,22.91152024269104,325.3550474643707,0.01
15,15,0.06261865049600601,-1.0,22.592951774597168,347.9479992389679,0.01
16,16,0.33057132363319397,-1.0,23.962586879730225,371.9105861186981,0.01
17,17,0.2884722054004669,-1.0,22.636975049972534,394.54756116867065,0.01
18,18,0.16744700074195862,-1.0,23.926088571548462,418.4736497402191,0.01
19,19,0.09018455445766449,-1.0,22.00605297088623,440.47970271110535,0.01
20,20,0.03038787469267845,87.72,22.203124523162842,462.6828272342682,0.01
21,21,0.16390036046504974,-1.0,22.852430820465088,485.5352580547333,0.01
22,22,0.03191271424293518,-1.0,22.802752017974854,508.33801007270813,0.01
23,23,0.058739401400089264,-1.0,23.09464740753174,531.4326574802399,0.01
24,24,0.08344796299934387,-1.0,23.352423906326294,554.7850813865662,0.01
25,25,0.07685959339141846,-1.0,22.858901262283325,577.6439826488495,0.01
26,26,0.22413699328899384,-1.0,21.74685001373291,599.3908326625824,0.01
27,27,0.32438620924949646,-1.0,22.609273195266724,622.0001058578491,0.01
28,28,0.05360324680805206,-1.0,22.1016743183136,644.1017801761627,0.01
29,29,0.06632626056671143,-1.0,21.9725444316864,666.0743246078491,0.01
30,30,0.12877264618873596,88.22,22.054188013076782,688.1285126209259,0.01
31,31,0.09917265921831131,-1.0,22.386182069778442,710.5146946907043,0.01
32,32,0.06817248463630676,-1.0,22.01671862602234,732.5314133167267,0.01
33,33,0.31224533915519714,-1.0,22.763978004455566,755.2953913211823,0.01
34,34,0.19136223196983337,-1.0,23.52505373954773,778.82044506073,0.01
35,35,0.34459400177001953,-1.0,22.28465461730957,801.1050996780396,0.01
36,36,0.0639091208577156,-1.0,23.320786237716675,824.4258859157562,0.01
37,37,0.09914806485176086,-1.0,24.034717082977295,848.4606029987335,0.01
38,38,0.1425938755273819,-1.0,22.799573183059692,871.2601761817932,0.01
39,39,0.3815152943134308,-1.0,23.865777730941772,895.125953912735,0.01
40,40,0.232815220952034,87.78,24.59598422050476,919.7219381332397,0.01
41,41,0.14791272580623627,-1.0,22.14614200592041,941.8680801391602,0.01
42,42,0.6305152177810669,-1.0,22.562376260757446,964.4304563999176,0.01
43,43,0.36489665508270264,-1.0,23.015697956085205,987.4461543560028,0.01
44,44,0.30627739429473877,-1.0,22.714894771575928,1010.1610491275787,0.01
45,45,0.11027667671442032,-1.0,22.41656494140625,1032.577614068985,0.01
46,46,0.19360469281673431,-1.0,22.947507858276367,1055.5251219272614,0.01
47,47,0.09018104523420334,-1.0,23.664496898651123,1079.1896188259125,0.01
48,48,0.6112421154975891,-1.0,22.19761061668396,1101.3872294425964,0.01
49,49,0.12296438217163086,-1.0,23.39890193939209,1124.7861313819885,0.01
50,50,0.4439036250114441,87.75,23.249638557434082,1148.0357699394226,0.01
51,51,0.1373644918203354,-1.0,23.573541164398193,1171.6093111038208,0.01
52,52,0.15161094069480896,-1.0,22.51761531829834,1194.1269264221191,0.01
53,53,0.048914097249507904,-1.0,23.70477294921875,1217.831699371338,0.01
54,54,0.27501705288887024,-1.0,23.776184797286987,1241.6078841686249,0.01
55,55,0.3681331276893616,-1.0,22.404682159423828,1264.0125663280487,0.01
56,56,0.09520982950925827,-1.0,23.71603012084961,1287.7285964488983,0.01
57,57,0.3755393922328949,-1.0,23.275388479232788,1311.003984928131,0.01
58,58,0.12390252947807312,-1.0,22.01383686065674,1333.0178217887878,0.01
59,59,0.5107170343399048,-1.0,22.443936586380005,1355.4617583751678,0.01
60,60,0.06394792348146439,88.86,22.856086015701294,1378.3178443908691,0.01
61,61,0.016662893816828728,-1.0,22.23610234260559,1400.5539467334747,0.01
62,62,0.02941284514963627,-1.0,22.919615507125854,1423.4735622406006,0.01
63,63,0.13283200562000275,-1.0,23.41135835647583,1446.8849205970764,0.01
64,64,0.2156744748353958,-1.0,22.80580472946167,1469.690725326538,0.01
65,65,0.15353384613990784,-1.0,22.118477821350098,1491.8092031478882,0.01
66,66,0.01993175968527794,-1.0,22.65503454208374,1514.464237689972,0.01
67,67,0.4798082709312439,-1.0,23.559372186660767,1538.0236098766327,0.01
68,68,0.22106850147247314,-1.0,22.58963966369629,1560.613249540329,0.01
69,69,0.037473149597644806,-1.0,23.32228970527649,1583.9355392456055,0.01
70,70,0.07275644689798355,87.08,22.021318197250366,1605.9568574428558,0.01
71,71,0.4748319983482361,-1.0,23.25642442703247,1629.2132818698883,0.01
72,72,0.15078482031822205,-1.0,22.98760437965393,1652.2008862495422,0.01
73,73,0.03798908740282059,-1.0,22.413028240203857,1674.613914489746,0.01
74,74,0.4515346586704254,-1.0,22.159096240997314,1696.7730107307434,0.01
75,75,0.10646244138479233,-1.0,22.77873468399048,1719.551745414734,0.01
76,76,0.14095576107501984,-1.0,24.072625398635864,1743.6243708133698,0.01
77,77,0.46857407689094543,-1.0,22.512309551239014,1766.1366803646088,0.01
78,78,0.03986010327935219,-1.0,23.01146936416626,1789.148149728775,0.01
79,79,0.372352659702301,-1.0,23.22750496864319,1812.3756546974182,0.01
80,80,0.481113076210022,88.09,21.79116463661194,1834.1668193340302,0.01
81,81,0.27217525243759155,-1.0,22.525152921676636,1856.6919722557068,0.01
82,82,0.4292905032634735,-1.0,22.99228549003601,1879.6842577457428,0.01
83,83,0.32451844215393066,-1.0,23.404254913330078,1903.0885126590729,0.01
84,84,0.20050741732120514,-1.0,22.42275047302246,1925.5112631320953,0.01
85,85,0.06515292823314667,-1.0,23.040170669555664,1948.551433801651,0.01
86,86,0.0863644927740097,-1.0,22.26404571533203,1970.815479516983,0.01
87,87,0.12114807218313217,-1.0,23.673466444015503,1994.4889459609985,0.01
88,88,0.1817718744277954,-1.0,27.14990782737732,2021.6388537883759,0.01
89,89,0.5026581287384033,-1.0,26.2483172416687,2047.8871710300446,0.01
90,90,0.3489028811454773,88.28,24.41308617591858,2072.300257205963,0.01
91,91,0.19509515166282654,-1.0,26.637428283691406,2098.9376854896545,0.01
92,92,0.2828039228916168,-1.0,27.258878707885742,2126.1965641975403,0.01
93,93,0.0061921426095068455,-1.0,25.837859630584717,2152.034423828125,0.01
94,94,0.17557542026042938,-1.0,26.039933681488037,2178.074357509613,0.01
95,95,0.14444956183433533,-1.0,24.278964281082153,2202.353321790695,0.01
96,96,0.6589217185974121,-1.0,26.231182098388672,2228.584503889084,0.01
97,97,0.6146261096000671,-1.0,24.78125262260437,2253.3657565116882,0.01
98,98,0.05827580392360687,-1.0,24.811323642730713,2278.177080154419,0.01
99,99,0.37592607736587524,-1.0,24.81068444252014,2302.987764596939,0.01
100,100,0.025177333503961563,88.09,24.186902046203613,2327.1746666431427,0.01
101,101,0.36030253767967224,-1.0,23.96042013168335,2351.135086774826,0.01
102,102,0.13990867137908936,-1.0,22.723981380462646,2373.8590681552887,0.01
103,103,0.4017672836780548,-1.0,23.950578451156616,2397.8096466064453,0.01
104,104,0.17615395784378052,-1.0,23.930396795272827,2421.740043401718,0.01
105,105,0.0809798315167427,-1.0,24.73949432373047,2446.4795377254486,0.01
106,106,0.012722767889499664,-1.0,21.76412868499756,2468.243666410446,0.01
107,107,0.16436819732189178,-1.0,22.007496118545532,2490.2511625289917,0.01
108,108,0.20053987205028534,-1.0,23.197397232055664,2513.4485597610474,0.01
109,109,0.305221825838089,-1.0,24.011122226715088,2537.4596819877625,0.01
110,110,0.16435322165489197,87.86,23.303908586502075,2560.7635905742645,0.01
111,111,0.08967504650354385,-1.0,24.753936290740967,2585.5175268650055,0.01
112,112,0.08078156411647797,-1.0,21.693898677825928,2607.2114255428314,0.01
113,113,0.049553319811820984,-1.0,23.40780234336853,2630.6192278862,0.01
114,114,0.5165646076202393,-1.0,22.782442092895508,2653.4016699790955,0.01
115,115,0.48117196559906006,-1.0,23.40978980064392,2676.8114597797394,0.01
116,116,0.2474304586648941,-1.0,22.012290954589844,2698.823750734329,0.01
117,117,0.10096230357885361,-1.0,22.212117910385132,2721.0358686447144,0.01
118,118,0.2536502182483673,-1.0,22.709675073623657,2743.745543718338,0.01
119,119,0.003943152725696564,-1.0,22.807156324386597,2766.5527000427246,0.01
120,120,0.31947219371795654,87.87,23.344480514526367,2789.897180557251,0.01
121,121,0.00824771262705326,-1.0,22.092642784118652,2811.9898233413696,0.01
122,122,0.024393437430262566,-1.0,23.186583995819092,2835.1764073371887,0.01
123,123,0.2909378409385681,-1.0,22.183233976364136,2857.359641313553,0.01
124,124,0.0299606341868639,-1.0,22.032660007476807,2879.3923013210297,0.01
125,125,0.0007852011476643384,-1.0,22.247588396072388,2901.639889717102,0.01
126,126,0.0029950446914881468,-1.0,23.400596380233765,2925.040486097336,0.01
127,127,0.013714749366044998,-1.0,21.691466569900513,2946.7319526672363,0.01
128,128,0.029981940984725952,-1.0,22.245725393295288,2968.9776780605316,0.01
129,129,0.15229059755802155,-1.0,22.29770255088806,2991.2753806114197,0.01
130,130,0.02960260398685932,89.84,22.68740677833557,3013.9627873897552,0.01
131,131,0.07013557106256485,-1.0,22.113849639892578,3036.076637029648,0.01
132,132,0.0012793979840353131,-1.0,21.82767081260681,3057.9043078422546,0.01
133,133,0.23312704265117645,-1.0,23.020960092544556,3080.925267934799,0.01
134,134,0.0031367610208690166,-1.0,22.189817190170288,3103.1150851249695,0.01
135,135,0.1274711936712265,-1.0,22.935829639434814,3126.0509147644043,0.01
136,136,0.04312571510672569,-1.0,21.981026887893677,3148.031941652298,0.01
137,137,0.14848127961158752,-1.0,22.616949319839478,3170.6488909721375,0.01
138,138,0.12045516818761826,-1.0,23.486783266067505,3194.135674238205,0.01
139,139,0.028684118762612343,-1.0,23.492631673812866,3217.628305912018,0.01
140,140,0.28907153010368347,89.87,22.781988859176636,3240.4102947711945,0.01
141,141,0.11343607306480408,-1.0,22.982272148132324,3263.392566919327,0.01
142,142,0.07895820587873459,-1.0,22.986661672592163,3286.379228591919,0.01
143,143,0.07929905503988266,-1.0,22.25820803642273,3308.6374366283417,0.01
144,144,0.14858508110046387,-1.0,21.319520473480225,3329.956957101822,0.01
145,145,0.01754136011004448,-1.0,21.62885022163391,3351.585807323456,0.01
146,146,0.0028978579211980104,-1.0,23.14864230155945,3374.7344496250153,0.01
147,147,0.17681260406970978,-1.0,22.95629858970642,3397.6907482147217,0.01
148,148,0.020255418494343758,-1.0,21.264519929885864,3418.9552681446075,0.01
149,149,0.020504215732216835,-1.0,22.817474365234375,3441.772742509842,0.01
150,150,0.055608805269002914,89.52,21.785847425460815,3463.5585899353027,0.01
