,epoch,training_loss,test_acc,epoch_train_time,total_train_time,lr
0,0,-1.0,45.71,-1.0,-1.0,-1.0
1,1,0.2978120446205139,-1.0,26.345598220825195,26.345598220825195,0.01
2,2,0.13388057053089142,-1.0,27.527307510375977,53.87290573120117,0.01
3,3,0.20233775675296783,-1.0,25.76158618927002,79.63449192047119,0.01
4,4,0.08286518603563309,-1.0,24.978246927261353,104.61273884773254,0.01
5,5,0.013083254918456078,-1.0,25.450700521469116,130.06343936920166,0.01
6,6,0.4161328375339508,-1.0,26.2826669216156,156.34610629081726,0.01
7,7,0.2894476652145386,-1.0,24.847068309783936,181.1931746006012,0.01
8,8,0.11073622107505798,-1.0,24.293628454208374,205.48680305480957,0.01
9,9,0.41573357582092285,-1.0,25.568164110183716,231.0549671649933,0.01
10,10,0.023587645962834358,89.81,23.425705432891846,254.48067259788513,0.01
11,11,0.20666049420833588,-1.0,24.204932928085327,278.68560552597046,0.01
12,12,0.012053470127284527,-1.0,24.596572637557983,303.28217816352844,0.01
13,13,0.005613495595753193,-1.0,24.9487361907959,328.23091435432434,0.01
14,14,0.02267467975616455,-1.0,23.986403703689575,352.2173180580139,0.01
15,15,0.005985117517411709,-1.0,23.372437953948975,375.5897560119629,0.01
16,16,0.5642417669296265,-1.0,23.270217180252075,398.85997319221497,0.01
17,17,0.012442989274859428,-1.0,24.139467239379883,422.99944043159485,0.01
18,18,0.0888185128569603,-1.0,23.58163046836853,446.5810708999634,0.01
19,19,0.1161474660038948,-1.0,23.233785390853882,469.81485629081726,0.01
20,20,0.03247247263789177,88.66,25.084033727645874,494.89889001846313,0.01
21,21,0.569682240486145,-1.0,24.4220552444458,519.3209452629089,0.01
22,22,0.34149429202079773,-1.0,23.396161317825317,542.7171065807343,0.01
23,23,0.09506180137395859,-1.0,22.341000080108643,565.0581066608429,0.01
24,24,0.034396182745695114,-1.0,23.491103887557983,588.5492105484009,0.01
25,25,0.2335093915462494,-1.0,23.90522861480713,612.454439163208,0.01
26,26,0.05430347099900246,-1.0,22.738784074783325,635.1932232379913,0.01
27,27,0.005175333470106125,-1.0,22.203047037124634,657.396270275116,0.01
28,28,0.08935398608446121,-1.0,21.68475866317749,679.0810289382935,0.01
29,29,0.2291930764913559,-1.0,23.27633309364319,702.3573620319366,0.01
30,30,0.1705934852361679,88.6,22.438618421554565,724.7959804534912,0.01
31,31,0.05136193707585335,-1.0,23.42231774330139,748.2182981967926,0.01
32,32,0.020369483157992363,-1.0,22.145620346069336,770.3639185428619,0.01
33,33,0.055418189615011215,-1.0,24.073950052261353,794.4378685951233,0.01
34,34,0.04346919804811478,-1.0,22.75841188430786,817.1962804794312,0.01
35,35,0.15282467007637024,-1.0,21.433482885360718,838.6297633647919,0.01
36,36,0.14041073620319366,-1.0,22.57540535926819,861.2051687240601,0.01
37,37,0.17745733261108398,-1.0,21.71302819252014,882.9181969165802,0.01
38,38,0.0697539895772934,-1.0,23.062650442123413,905.9808473587036,0.01
39,39,0.16638091206550598,-1.0,22.421661376953125,928.4025087356567,0.01
40,40,0.24951404333114624,88.92,24.16766929626465,952.5701780319214,0.01
41,41,0.3052714467048645,-1.0,22.669907093048096,975.2400851249695,0.01
42,42,0.05228845775127411,-1.0,23.980487823486328,999.2205729484558,0.01
43,43,0.0746113508939743,-1.0,23.800010442733765,1023.0205833911896,0.01
44,44,0.2183658331632614,-1.0,22.18602466583252,1045.206608057022,0.01
45,45,0.1273861825466156,-1.0,23.351675271987915,1068.55828332901,0.01
46,46,0.16799496114253998,-1.0,22.923232316970825,1091.4815156459808,0.01
47,47,0.016859259456396103,-1.0,23.118032693862915,1114.5995483398438,0.01
48,48,0.035180434584617615,-1.0,23.562218189239502,1138.1617665290833,0.01
49,49,0.12309210747480392,-1.0,22.413793087005615,1160.5755596160889,0.01
50,50,0.0388680025935173,89.43,22.91486930847168,1183.4904289245605,0.01
51,51,0.13180428743362427,-1.0,23.788310527801514,1207.278739452362,0.01
52,52,0.07646574079990387,-1.0,23.457820653915405,1230.7365601062775,0.01
53,53,0.08246516436338425,-1.0,26.29897689819336,1257.0355370044708,0.01
54,54,0.31222280859947205,-1.0,23.79252576828003,1280.8280627727509,0.01
55,55,0.030935589224100113,-1.0,23.402878284454346,1304.2309410572052,0.01
56,56,0.10239941626787186,-1.0,24.628469228744507,1328.8594102859497,0.01
57,57,0.012114884331822395,-1.0,24.737175226211548,1353.5965855121613,0.01
58,58,0.22403836250305176,-1.0,23.8938250541687,1377.49041056633,0.01
59,59,0.05519114062190056,-1.0,22.92006540298462,1400.4104759693146,0.01
60,60,0.10741298645734787,88.92,25.18423366546631,1425.5947096347809,0.01
61,61,0.2742413878440857,-1.0,24.200655221939087,1449.79536485672,0.01
62,62,0.2523238956928253,-1.0,23.754438400268555,1473.5498032569885,0.01
63,63,0.23068544268608093,-1.0,25.193931102752686,1498.7437343597412,0.01
64,64,0.07190927863121033,-1.0,25.05047106742859,1523.7942054271698,0.01
65,65,0.02441531792283058,-1.0,26.3630952835083,1550.157300710678,0.01
66,66,0.11690299957990646,-1.0,25.162797689437866,1575.320098400116,0.01
67,67,0.0823976919054985,-1.0,25.973750829696655,1601.2938492298126,0.01
68,68,0.12497767806053162,-1.0,23.4410343170166,1624.7348835468292,0.01
69,69,0.5765147805213928,-1.0,23.98439598083496,1648.7192795276642,0.01
70,70,0.15140368044376373,88.96,25.111475706100464,1673.8307552337646,0.01
71,71,0.12892912328243256,-1.0,25.214104890823364,1699.044860124588,0.01
72,72,0.0334535576403141,-1.0,23.779314756393433,1722.8241748809814,0.01
73,73,0.012585902586579323,-1.0,23.97158646583557,1746.795761346817,0.01
74,74,0.043517500162124634,-1.0,24.7194721698761,1771.5152335166931,0.01
75,75,0.12211903184652328,-1.0,23.903289556503296,1795.4185230731964,0.01
76,76,0.6823201775550842,-1.0,25.35413432121277,1820.7726573944092,0.01
77,77,0.04728556051850319,-1.0,26.221945762634277,1846.9946031570435,0.01
78,78,0.003111163154244423,-1.0,24.82095193862915,1871.8155550956726,0.01
79,79,0.23847492039203644,-1.0,24.67970633506775,1896.4952614307404,0.01
80,80,0.13830195367336273,88.06,23.35811972618103,1919.8533811569214,0.01
81,81,0.2333802729845047,-1.0,23.741093635559082,1943.5944747924805,0.01
82,82,0.08701658993959427,-1.0,23.79636859893799,1967.3908433914185,0.01
83,83,0.06130984053015709,-1.0,24.11285424232483,1991.5036976337433,0.01
84,84,0.15670108795166016,-1.0,22.675368309020996,2014.1790659427643,0.01
85,85,0.23068498075008392,-1.0,24.156139373779297,2038.3352053165436,0.01
86,86,0.5279042720794678,-1.0,23.886515378952026,2062.2217206954956,0.01
87,87,0.1324996054172516,-1.0,23.966834783554077,2086.1885554790497,0.01
88,88,0.02565167285501957,-1.0,22.845429182052612,2109.0339846611023,0.01
89,89,0.028128312900662422,-1.0,23.366828441619873,2132.400813102722,0.01
90,90,0.03176511451601982,88.53,23.648822784423828,2156.049635887146,0.01
91,91,0.2317885160446167,-1.0,22.844732999801636,2178.8943688869476,0.01
92,92,0.011259360238909721,-1.0,24.171976327896118,2203.0663452148438,0.01
93,93,0.12435878068208694,-1.0,22.622589349746704,2225.6889345645905,0.01
94,94,0.1730346977710724,-1.0,23.594022750854492,2249.282957315445,0.01
95,95,0.18543879687786102,-1.0,22.715635538101196,2271.998592853546,0.01
96,96,0.008358567953109741,-1.0,23.073803901672363,2295.0723967552185,0.01
97,97,0.40639492869377136,-1.0,23.295682430267334,2318.368079185486,0.01
98,98,0.37315094470977783,-1.0,23.09797978401184,2341.4660589694977,0.01
99,99,0.5437580943107605,-1.0,23.084053993225098,2364.550112962723,0.01
100,100,0.07127290219068527,88.94,23.932508945465088,2388.482621908188,0.01
101,101,0.2587857246398926,-1.0,22.638449668884277,2411.121071577072,0.01
102,102,0.10808568447828293,-1.0,24.317055463790894,2435.438127040863,0.01
103,103,0.07543466240167618,-1.0,24.058734893798828,2459.496861934662,0.01
104,104,0.16129955649375916,-1.0,23.199114322662354,2482.695976257324,0.01
105,105,0.02298145741224289,-1.0,24.713515520095825,2507.40949177742,0.01
106,106,0.22343987226486206,-1.0,23.19351577758789,2530.603007555008,0.01
107,107,0.14659661054611206,-1.0,23.83213758468628,2554.435145139694,0.01
108,108,0.3854920566082001,-1.0,22.75428318977356,2577.189428329468,0.01
109,109,0.08743554353713989,-1.0,23.445513010025024,2600.634941339493,0.01
110,110,0.6015514731407166,88.82,22.765082120895386,2623.400023460388,0.01
111,111,0.25827911496162415,-1.0,26.62047839164734,2650.0205018520355,0.01
112,112,0.8164566159248352,-1.0,23.668662309646606,2673.689164161682,0.01
113,113,0.02262824773788452,-1.0,22.631386280059814,2696.320550441742,0.01
114,114,0.012519811280071735,-1.0,23.13192653656006,2719.452476978302,0.01
115,115,0.04998308792710304,-1.0,22.489194631576538,2741.9416716098785,0.01
116,116,0.014751337468624115,-1.0,22.624459981918335,2764.566131591797,0.01
117,117,0.0019890281837433577,-1.0,22.638894081115723,2787.2050256729126,0.01
118,118,0.22308257222175598,-1.0,23.966185331344604,2811.171211004257,0.01
119,119,0.17768408358097076,-1.0,23.615447998046875,2834.786659002304,0.01
120,120,0.04068686068058014,88.53,23.558981895446777,2858.345640897751,0.01
121,121,0.005274377763271332,-1.0,25.181634664535522,2883.5272755622864,0.01
122,122,0.007731728721410036,-1.0,24.329336881637573,2907.856612443924,0.01
123,123,0.06703433394432068,-1.0,23.489818572998047,2931.346431016922,0.01
124,124,0.12445767968893051,-1.0,22.482535362243652,2953.8289663791656,0.01
125,125,0.04566695913672447,-1.0,23.202293634414673,2977.0312600135803,0.01
126,126,0.005977981723845005,-1.0,25.132670640945435,3002.1639306545258,0.01
127,127,0.10292179137468338,-1.0,23.34040904045105,3025.504339694977,0.01
128,128,0.07154738903045654,-1.0,22.69204092025757,3048.1963806152344,0.01
129,129,0.09834054857492447,-1.0,21.940152645111084,3070.1365332603455,0.01
130,130,0.0053416029550135136,90.22,22.87773847579956,3093.014271736145,0.01
131,131,0.00040255734347738326,-1.0,23.227397203445435,3116.2416689395905,0.01
132,132,0.05251293256878853,-1.0,22.686405181884766,3138.928074121475,0.01
133,133,0.03388218581676483,-1.0,24.154358625411987,3163.082432746887,0.01
134,134,0.010554437525570393,-1.0,24.39339780807495,3187.475830554962,0.01
135,135,0.018609432503581047,-1.0,23.536442041397095,3211.0122725963593,0.01
136,136,0.0741981491446495,-1.0,22.658042907714844,3233.670315504074,0.01
137,137,0.0105457017198205,-1.0,22.927396774291992,3256.597712278366,0.01
138,138,0.0083237923681736,-1.0,24.02341103553772,3280.621123313904,0.01
139,139,0.017016345635056496,-1.0,22.772228479385376,3303.393351793289,0.01
140,140,0.02032262645661831,90.33,23.713180541992188,3327.1065323352814,0.01
141,141,0.00042694678995758295,-1.0,22.91112995147705,3350.0176622867584,0.01
142,142,0.004839847795665264,-1.0,22.502147674560547,3372.519809961319,0.01
143,143,0.006159926764667034,-1.0,23.2301824092865,3395.7499923706055,0.01
144,144,0.0029443944804370403,-1.0,23.24669122695923,3418.9966835975647,0.01
145,145,0.011487160809338093,-1.0,21.515257358551025,3440.5119409561157,0.01
146,146,0.004625522065907717,-1.0,23.539619207382202,3464.051560163498,0.01
147,147,0.0257688220590353,-1.0,22.523171424865723,3486.5747315883636,0.01
148,148,0.01450403593480587,-1.0,23.936245441436768,3510.5109770298004,0.01
149,149,0.004009703174233437,-1.0,23.337003469467163,3533.8479804992676,0.01
150,150,0.030235012993216515,90.03,21.598349809646606,3555.446330308914,0.01
