,epoch,training_loss,test_acc,epoch_train_time,total_train_time,lr
0,0,-1.0,10.0,-1.0,-1.0,-1.0
1,1,0.4764138460159302,-1.0,23.472322463989258,23.472322463989258,0.01
2,2,0.2239035964012146,-1.0,24.27452850341797,47.74685096740723,0.01
3,3,0.010294991545379162,-1.0,24.12274718284607,71.8695981502533,0.01
4,4,0.12756627798080444,-1.0,23.375014781951904,95.2446129322052,0.01
5,5,0.5812680721282959,-1.0,23.85827660560608,119.10288953781128,0.01
6,6,0.021406851708889008,-1.0,23.4086811542511,142.51157069206238,0.01
7,7,0.3167385756969452,-1.0,23.44950556755066,165.96107625961304,0.01
8,8,0.26669198274612427,-1.0,24.529167652130127,190.49024391174316,0.01
9,9,0.2766425609588623,-1.0,23.223300457000732,213.7135443687439,0.01
10,10,0.04805643483996391,89.33,23.474477291107178,237.18802165985107,0.01
11,11,0.15283741056919098,-1.0,24.506099462509155,261.69412112236023,0.01
12,12,0.24591057002544403,-1.0,26.20081901550293,287.89494013786316,0.01
13,13,0.3835573196411133,-1.0,25.45030927658081,313.34524941444397,0.01
14,14,0.4353848695755005,-1.0,24.270586490631104,337.6158359050751,0.01
15,15,0.021946122869849205,-1.0,23.946232557296753,361.5620684623718,0.01
16,16,0.09519723802804947,-1.0,23.714953899383545,385.27702236175537,0.01
17,17,0.044220902025699615,-1.0,25.16902446746826,410.44604682922363,0.01
18,18,0.007374532986432314,-1.0,23.947315216064453,434.3933620452881,0.01
19,19,0.04378262162208557,-1.0,23.767201900482178,458.16056394577026,0.01
20,20,0.01974794641137123,88.71,22.518539428710938,480.6791033744812,0.01
21,21,0.19579853117465973,-1.0,23.810172080993652,504.48927545547485,0.01
22,22,0.017024382948875427,-1.0,24.52229332923889,529.0115687847137,0.01
23,23,0.01718033477663994,-1.0,23.695852518081665,552.7074213027954,0.01
24,24,0.14901810884475708,-1.0,24.205461263656616,576.912882566452,0.01
25,25,0.05555720627307892,-1.0,24.308231353759766,601.2211139202118,0.01
26,26,0.2839982509613037,-1.0,24.217087507247925,625.4382014274597,0.01
27,27,0.02702723816037178,-1.0,23.415733337402344,648.8539347648621,0.01
28,28,0.0014433406759053469,-1.0,23.816850900650024,672.6707856655121,0.01
29,29,0.016011901199817657,-1.0,23.23141574859619,695.9022014141083,0.01
30,30,0.018660888075828552,89.6,22.6257541179657,718.527955532074,0.01
31,31,0.04297415539622307,-1.0,22.29674506187439,740.8247005939484,0.01
32,32,0.017896031960844994,-1.0,23.3135404586792,764.1382410526276,0.01
33,33,0.5532488822937012,-1.0,23.97086238861084,788.1091034412384,0.01
34,34,0.004622904118150473,-1.0,25.22768235206604,813.3367857933044,0.01
35,35,0.22851714491844177,-1.0,24.39266085624695,837.7294466495514,0.01
36,36,0.005252520088106394,-1.0,22.9764986038208,860.7059452533722,0.01
37,37,0.019511112943291664,-1.0,23.871079444885254,884.5770246982574,0.01
38,38,0.031718362122774124,-1.0,22.81521248817444,907.3922371864319,0.01
39,39,0.03453855216503143,-1.0,23.578680515289307,930.9709177017212,0.01
40,40,0.015800492838025093,89.81,24.71043038368225,955.6813480854034,0.01
41,41,0.22722463309764862,-1.0,26.92391872406006,982.6052668094635,0.01
42,42,0.017799358814954758,-1.0,23.86941909790039,1006.4746859073639,0.01
43,43,0.23063065111637115,-1.0,24.42555332183838,1030.9002392292023,0.01
44,44,0.702733039855957,-1.0,25.0306875705719,1055.9309267997742,0.01
45,45,0.06981863081455231,-1.0,23.202916383743286,1079.1338431835175,0.01
46,46,0.03457026556134224,-1.0,24.37898063659668,1103.5128238201141,0.01
47,47,0.0007424926152452826,-1.0,23.981767654418945,1127.494591474533,0.01
48,48,0.14057686924934387,-1.0,24.010334968566895,1151.5049264431,0.01
49,49,0.00143788056448102,-1.0,24.824177742004395,1176.3291041851044,0.01
50,50,0.19206830859184265,90.37,24.89753818511963,1201.226642370224,0.01
51,51,0.00539383152499795,-1.0,24.522547006607056,1225.749189376831,0.01
52,52,0.00566501310095191,-1.0,24.590575456619263,1250.3397648334503,0.01
53,53,0.002012244425714016,-1.0,23.75561237335205,1274.0953772068024,0.01
54,54,0.020359914749860764,-1.0,24.50915837287903,1298.6045355796814,0.01
55,55,0.11052371561527252,-1.0,26.344789743423462,1324.9493253231049,0.01
56,56,0.006100871134549379,-1.0,22.523815393447876,1347.4731407165527,0.01
57,57,0.006635632831603289,-1.0,25.6224627494812,1373.095603466034,0.01
58,58,0.009640970267355442,-1.0,22.764085054397583,1395.8596885204315,0.01
59,59,0.109807588160038,-1.0,23.096484184265137,1418.9561727046967,0.01
60,60,6.912324170116335e-05,89.71,25.853027820587158,1444.8092005252838,0.01
61,61,0.000493256316985935,-1.0,25.904534339904785,1470.7137348651886,0.01
62,62,0.0006145092193037271,-1.0,24.648502349853516,1495.3622372150421,0.01
63,63,0.0015806829323992133,-1.0,23.852738618850708,1519.2149758338928,0.01
64,64,0.05092841386795044,-1.0,23.323359727859497,1542.5383355617523,0.01
65,65,0.000849201693199575,-1.0,24.250860452651978,1566.7891960144043,0.01
66,66,0.002086728811264038,-1.0,23.88470959663391,1590.6739056110382,0.01
67,67,0.03435372933745384,-1.0,23.463600873947144,1614.1375064849854,0.01
68,68,0.03917776420712471,-1.0,23.101959943771362,1637.2394664287567,0.01
69,69,0.002000919310376048,-1.0,22.71667718887329,1659.95614361763,0.01
70,70,0.0009564931388013065,90.29,24.399832248687744,1684.3559758663177,0.01
71,71,0.013040884397923946,-1.0,24.641950130462646,1708.9979259967804,0.01
72,72,0.0011802349472418427,-1.0,24.668230533599854,1733.6661565303802,0.01
73,73,0.0021012609358876944,-1.0,23.430068969726562,1757.0962255001068,0.01
74,74,0.006079297978430986,-1.0,23.47667098045349,1780.5728964805603,0.01
75,75,0.00022203830303624272,-1.0,23.25877285003662,1803.831669330597,0.01
76,76,0.0011869710870087147,-1.0,23.012994289398193,1826.8446636199951,0.01
77,77,0.007671908941119909,-1.0,26.58340287208557,1853.4280664920807,0.01
78,78,0.0007764544570818543,-1.0,25.010535717010498,1878.4386022090912,0.01
79,79,0.0020123727153986692,-1.0,24.025387287139893,1902.463989496231,0.01
80,80,0.18888606131076813,89.33,24.316279888153076,1926.7802693843842,0.01
81,81,0.0010038946056738496,-1.0,26.057812452316284,1952.8380818367004,0.01
82,82,0.0276267658919096,-1.0,25.9317786693573,1978.7698605060577,0.01
83,83,0.1772460788488388,-1.0,25.286621570587158,2004.056482076645,0.01
84,84,0.03823835402727127,-1.0,25.574149131774902,2029.6306312084198,0.01
85,85,0.2124289870262146,-1.0,26.72800588607788,2056.3586370944977,0.01
86,86,0.00018644858209881932,-1.0,25.061893939971924,2081.4205310344696,0.01
87,87,9.246473200619221e-05,-1.0,25.42908549308777,2106.8496165275574,0.01
88,88,0.020368149504065514,-1.0,24.572678327560425,2131.422294855118,0.01
89,89,0.004826673772186041,-1.0,25.845757007598877,2157.2680518627167,0.01
90,90,0.076424740254879,90.93,24.200613975524902,2181.4686658382416,0.01
91,91,0.1692376732826233,-1.0,24.737110376358032,2206.2057762145996,0.01
92,92,0.02048574388027191,-1.0,24.457613468170166,2230.66338968277,0.01
93,93,0.0003869354259222746,-1.0,24.409674644470215,2255.07306432724,0.01
94,94,0.07572740316390991,-1.0,26.402257919311523,2281.4753222465515,0.01
95,95,0.0011896580690518022,-1.0,24.846510887145996,2306.3218331336975,0.01
96,96,0.004599659703671932,-1.0,25.315259218215942,2331.6370923519135,0.01
97,97,0.12429473549127579,-1.0,26.07798981666565,2357.715082168579,0.01
98,98,0.014261666685342789,-1.0,26.656038522720337,2384.3711206912994,0.01
99,99,0.005370707251131535,-1.0,25.269610166549683,2409.640730857849,0.01
100,100,0.0003695513296406716,90.79,27.0460422039032,2436.6867730617523,0.01
101,101,0.004518755245953798,-1.0,25.75132989883423,2462.4381029605865,0.01
102,102,0.01329510286450386,-1.0,26.803727626800537,2489.241830587387,0.01
103,103,0.0005307599785737693,-1.0,25.689865827560425,2514.9316964149475,0.01
104,104,0.026793302968144417,-1.0,25.187535047531128,2540.1192314624786,0.01
105,105,0.0038464174140244722,-1.0,26.050209283828735,2566.1694407463074,0.01
106,106,0.00314537831582129,-1.0,24.936232566833496,2591.105673313141,0.01
107,107,0.04589147865772247,-1.0,25.775859117507935,2616.881532430649,0.01
108,108,0.0029087841976433992,-1.0,25.260234117507935,2642.1417665481567,0.01
109,109,0.01015398558229208,-1.0,25.09428119659424,2667.236047744751,0.01
110,110,0.006770042702555656,90.59,24.099459886550903,2691.335507631302,0.01
111,111,0.00018986368377227336,-1.0,25.451688051223755,2716.7871956825256,0.01
112,112,0.012770449742674828,-1.0,23.901572942733765,2740.6887686252594,0.01
113,113,0.04973551630973816,-1.0,24.89373254776001,2765.5825011730194,0.01
114,114,0.009443173184990883,-1.0,24.406385898590088,2789.9888870716095,0.01
115,115,0.06127586215734482,-1.0,24.725281238555908,2814.7141683101654,0.01
116,116,0.0025268394965678453,-1.0,24.604438066482544,2839.318606376648,0.01
117,117,0.00023279627203010023,-1.0,24.019295930862427,2863.3379023075104,0.01
118,118,0.011224387213587761,-1.0,23.894449710845947,2887.2323520183563,0.01
119,119,0.00015770770551171154,-1.0,25.802656412124634,2913.035008430481,0.01
120,120,0.014310218393802643,90.6,24.76012873649597,2937.795137166977,0.01
121,121,0.015414757654070854,-1.0,25.41495394706726,2963.210091114044,0.01
122,122,0.001101809204556048,-1.0,24.980904817581177,2988.1909959316254,0.01
123,123,8.523088763467968e-05,-1.0,24.052558422088623,3012.243554353714,0.01
124,124,0.00010693627700675279,-1.0,25.107032537460327,3037.3505868911743,0.01
125,125,4.097814212400408e-07,-1.0,24.197299242019653,3061.547886133194,0.01
126,126,3.886373815475963e-05,-1.0,25.067699432373047,3086.615585565567,0.01
127,127,3.8942525861784816e-05,-1.0,26.133554458618164,3112.749140024185,0.01
128,128,0.0027245203964412212,-1.0,24.28441619873047,3137.0335562229156,0.01
129,129,3.200782884960063e-05,-1.0,24.395600080490112,3161.4291563034058,0.01
130,130,0.00017416590708307922,91.64,26.401942491531372,3187.831098794937,0.01
131,131,0.03274660184979439,-1.0,24.632723093032837,3212.46382188797,0.01
132,132,1.5050111414893763e-06,-1.0,23.778430938720703,3236.2422528266907,0.01
133,133,1.0326135452487506e-05,-1.0,24.87625288963318,3261.118505716324,0.01
134,134,2.3841635083954316e-06,-1.0,25.60609221458435,3286.724597930908,0.01
135,135,0.00018724285473581403,-1.0,25.252999782562256,3311.9775977134705,0.01
136,136,6.011224104440771e-05,-1.0,25.616520643234253,3337.5941183567047,0.01
137,137,0.0009435980464331806,-1.0,24.204182147979736,3361.7983005046844,0.01
138,138,0.00018151052063331008,-1.0,24.77272057533264,3386.571021080017,0.01
139,139,1.1920888027816545e-06,-1.0,23.895602226257324,3410.4666233062744,0.01
140,140,1.4528010069625452e-05,91.43,25.079732179641724,3435.546355485916,0.01
141,141,3.8193200452951714e-05,-1.0,26.188342809677124,3461.7346982955933,0.01
142,142,0.0018950122175738215,-1.0,24.646127939224243,3486.3808262348175,0.01
143,143,0.0006052980315871537,-1.0,24.933412075042725,3511.3142383098602,0.01
144,144,1.101879752241075e-05,-1.0,24.33581805229187,3535.650056362152,0.01
145,145,5.215400165070605e-07,-1.0,24.512508869171143,3560.1625652313232,0.01
146,146,3.287118306616321e-05,-1.0,25.157154083251953,3585.319719314575,0.01
147,147,8.783146040514112e-05,-1.0,24.356066942214966,3609.67578625679,0.01
148,148,4.552439713734202e-05,-1.0,27.28372359275818,3636.9595098495483,0.01
149,149,8.045256254263222e-05,-1.0,25.392012357711792,3662.35152220726,0.01
150,150,3.622309668571688e-05,91.57,26.231157064437866,3688.582679271698,0.01
