,epoch,training_loss,test_acc,epoch_train_time,total_train_time,lr
0,0,-1.0,47.52,-1.0,-1.0,-1.0
1,1,0.0919233039021492,-1.0,22.75183081626892,22.75183081626892,0.01
2,2,0.011546945199370384,-1.0,22.280962228775024,45.032793045043945,0.01
3,3,0.17571543157100677,-1.0,22.750008583068848,67.7828016281128,0.01
4,4,0.010804900899529457,-1.0,23.073649406433105,90.8564510345459,0.01
5,5,0.031417008489370346,-1.0,22.365182399749756,113.22163343429565,0.01
6,6,0.23053593933582306,-1.0,23.239691019058228,136.46132445335388,0.01
7,7,0.05900145694613457,-1.0,22.669737100601196,159.13106155395508,0.01
8,8,0.039102815091609955,-1.0,23.460390090942383,182.59145164489746,0.01
9,9,0.1966412365436554,-1.0,22.577211141586304,205.16866278648376,0.01
10,10,0.0009302077814936638,90.53,22.225167512893677,227.39383029937744,0.01
11,11,0.01139428373426199,-1.0,23.02043914794922,250.41426944732666,0.01
12,12,0.14221346378326416,-1.0,24.00855779647827,274.42282724380493,0.01
13,13,0.05545559152960777,-1.0,22.654422998428345,297.0772502422333,0.01
14,14,0.04307277873158455,-1.0,22.285759925842285,319.36301016807556,0.01
15,15,0.0053746942430734634,-1.0,22.27165699005127,341.63466715812683,0.01
16,16,0.1356300264596939,-1.0,22.476354360580444,364.1110215187073,0.01
17,17,0.03006436675786972,-1.0,22.934345722198486,387.04536724090576,0.01
18,18,0.07614456862211227,-1.0,24.60345482826233,411.6488220691681,0.01
19,19,0.08664225786924362,-1.0,22.579051733016968,434.22787380218506,0.01
20,20,0.0006425235187634826,90.96,23.10674786567688,457.33462166786194,0.01
21,21,0.06919434666633606,-1.0,22.52960968017578,479.8642313480377,0.01
22,22,0.047733161598443985,-1.0,22.956746339797974,502.8209776878357,0.01
23,23,0.06407029181718826,-1.0,23.744736433029175,526.5657141208649,0.01
24,24,0.0045805214904248714,-1.0,22.597702503204346,549.1634166240692,0.01
25,25,0.19282829761505127,-1.0,21.66839361190796,570.8318102359772,0.01
26,26,0.00019708073523361236,-1.0,22.768627405166626,593.6004376411438,0.01
27,27,0.003214312484487891,-1.0,23.53278136253357,617.1332190036774,0.01
28,28,0.005808438174426556,-1.0,21.831358194351196,638.9645771980286,0.01
29,29,0.009449734352529049,-1.0,23.46737575531006,662.4319529533386,0.01
30,30,0.02156997285783291,90.48,23.434605598449707,685.8665585517883,0.01
31,31,0.0009613655274733901,-1.0,23.33819270133972,709.204751253128,0.01
32,32,0.06944767385721207,-1.0,21.73659110069275,730.9413423538208,0.01
33,33,0.0012563925702124834,-1.0,22.252307891845703,753.1936502456665,0.01
34,34,0.00040419609285891056,-1.0,22.51935863494873,775.7130088806152,0.01
35,35,0.21774117648601532,-1.0,24.05469799041748,799.7677068710327,0.01
36,36,0.0043271672911942005,-1.0,23.973185300827026,823.7408921718597,0.01
37,37,0.029470207169651985,-1.0,22.335856676101685,846.0767488479614,0.01
38,38,0.008188851177692413,-1.0,23.87285542488098,869.9496042728424,0.01
39,39,0.0006685560219921172,-1.0,23.897260665893555,893.846864938736,0.01
40,40,0.0025759071577340364,90.66,22.28808069229126,916.1349456310272,0.01
41,41,0.022158095613121986,-1.0,22.409398555755615,938.5443441867828,0.01
42,42,0.0003249898727517575,-1.0,23.72247338294983,962.2668175697327,0.01
43,43,0.002846517600119114,-1.0,22.720454216003418,984.9872717857361,0.01
44,44,0.020631620660424232,-1.0,22.537716388702393,1007.5249881744385,0.01
45,45,0.0002761626965366304,-1.0,24.666275024414062,1032.1912631988525,0.01
46,46,0.008129964582622051,-1.0,22.764176845550537,1054.955440044403,0.01
47,47,0.1770981103181839,-1.0,23.8280987739563,1078.7835388183594,0.01
48,48,0.012520345859229565,-1.0,26.935616970062256,1105.7191557884216,0.01
49,49,0.12739785015583038,-1.0,25.329082489013672,1131.0482382774353,0.01
50,50,0.00017515015497338027,90.77,26.6806423664093,1157.7288806438446,0.01
51,51,0.0150905204936862,-1.0,24.394969940185547,1182.1238505840302,0.01
52,52,0.008177117444574833,-1.0,26.17478108406067,1208.2986316680908,0.01
53,53,0.0036423266865313053,-1.0,25.475472927093506,1233.7741045951843,0.01
54,54,0.0006820401176810265,-1.0,23.764557600021362,1257.5386621952057,0.01
55,55,0.0008767795516178012,-1.0,24.839145183563232,1282.377807378769,0.01
56,56,0.09486116468906403,-1.0,24.02600336074829,1306.4038107395172,0.01
57,57,0.0015158988535404205,-1.0,25.984716415405273,1332.3885271549225,0.01
58,58,0.025862446054816246,-1.0,26.698203325271606,1359.086730480194,0.01
59,59,0.0025160457007586956,-1.0,25.189589262008667,1384.2763197422028,0.01
60,60,0.0006080406601540744,91.49,25.257257223129272,1409.533576965332,0.01
61,61,0.015330773778259754,-1.0,23.692628860473633,1433.2262058258057,0.01
62,62,0.005324885714799166,-1.0,25.633394241333008,1458.8596000671387,0.01
63,63,0.0005040357355028391,-1.0,25.836387872695923,1484.6959879398346,0.01
64,64,0.00022307562176138163,-1.0,26.309092044830322,1511.005079984665,0.01
65,65,0.00043522511259652674,-1.0,23.952089071273804,1534.9571690559387,0.01
66,66,0.004692516755312681,-1.0,25.240113735198975,1560.1972827911377,0.01
67,67,0.006426401436328888,-1.0,24.83145570755005,1585.0287384986877,0.01
68,68,0.07534803450107574,-1.0,24.806553840637207,1609.835292339325,0.01
69,69,0.15961766242980957,-1.0,25.7478666305542,1635.5831589698792,0.01
70,70,0.04230837896466255,90.52,24.068989276885986,1659.6521482467651,0.01
71,71,0.0007085810066200793,-1.0,22.812260150909424,1682.4644083976746,0.01
72,72,0.001502188853919506,-1.0,24.801586866378784,1707.2659952640533,0.01
73,73,0.0002944851294159889,-1.0,24.80306363105774,1732.069058895111,0.01
74,74,0.0002681105979718268,-1.0,24.349402904510498,1756.4184617996216,0.01
75,75,0.0002624249318614602,-1.0,24.464468717575073,1780.8829305171967,0.01
76,76,0.046690985560417175,-1.0,23.85379147529602,1804.7367219924927,0.01
77,77,0.0004776163259521127,-1.0,23.637146472930908,1828.3738684654236,0.01
78,78,0.0008675487479194999,-1.0,23.651305437088013,1852.0251739025116,0.01
79,79,0.0012720596278086305,-1.0,24.840145111083984,1876.8653190135956,0.01
80,80,0.0004778028232976794,90.85,23.433120489120483,1900.298439502716,0.01
81,81,0.0016300304559990764,-1.0,24.07073712348938,1924.3691766262054,0.01
82,82,0.0004900115309283137,-1.0,23.19666576385498,1947.5658423900604,0.01
83,83,4.7418041503988206e-05,-1.0,23.585943460464478,1971.151785850525,0.01
84,84,0.0006286928546614945,-1.0,23.47719383239746,1994.6289796829224,0.01
85,85,0.10760673135519028,-1.0,22.067427396774292,2016.6964070796967,0.01
86,86,0.0011130195343866944,-1.0,22.334067821502686,2039.0304749011993,0.01
87,87,0.1366434544324875,-1.0,22.162648916244507,2061.193123817444,0.01
88,88,0.00041360766044817865,-1.0,21.633298873901367,2082.826422691345,0.01
89,89,0.0016752885421738029,-1.0,23.689740419387817,2106.516163110733,0.01
90,90,0.0004982744576409459,90.36,23.71933150291443,2130.2354946136475,0.01
91,91,0.04313850775361061,-1.0,23.0164155960083,2153.2519102096558,0.01
92,92,0.0001667837641434744,-1.0,22.65104341506958,2175.9029536247253,0.01
93,93,0.012613551691174507,-1.0,24.027936458587646,2199.930890083313,0.01
94,94,0.027248598635196686,-1.0,24.14889407157898,2224.079784154892,0.01
95,95,0.003711735364049673,-1.0,24.940825700759888,2249.020609855652,0.01
96,96,0.00034900076570920646,-1.0,23.44110131263733,2272.461711168289,0.01
97,97,0.3223429322242737,-1.0,23.875353574752808,2296.337064743042,0.01
98,98,0.002310729818418622,-1.0,23.64589214324951,2319.9829568862915,0.01
99,99,0.10703932493925095,-1.0,25.116366624832153,2345.0993235111237,0.01
100,100,0.002174843568354845,90.94,25.0712251663208,2370.1705486774445,0.01
101,101,0.002859382890164852,-1.0,24.99213147163391,2395.1626801490784,0.01
102,102,0.004739104770123959,-1.0,23.673011779785156,2418.8356919288635,0.01
103,103,0.0002573215460870415,-1.0,23.32883644104004,2442.1645283699036,0.01
104,104,4.466899190447293e-05,-1.0,22.60255742073059,2464.767085790634,0.01
105,105,0.004237062763422728,-1.0,24.25386691093445,2489.0209527015686,0.01
106,106,0.10072484612464905,-1.0,23.58496403694153,2512.60591673851,0.01
107,107,0.0003321921394672245,-1.0,22.58217978477478,2535.188096523285,0.01
108,108,0.024606531485915184,-1.0,23.92926001548767,2559.1173565387726,0.01
109,109,0.011470134370028973,-1.0,23.980947732925415,2583.098304271698,0.01
110,110,0.2836296260356903,90.73,23.556295156478882,2606.654599428177,0.01
111,111,0.2141105979681015,-1.0,23.453845739364624,2630.1084451675415,0.01
112,112,0.004777124617248774,-1.0,22.670748233795166,2652.7791934013367,0.01
113,113,0.009579932317137718,-1.0,22.644670009613037,2675.4238634109497,0.01
114,114,0.00209057773463428,-1.0,23.092556953430176,2698.51642036438,0.01
115,115,0.0004149899468757212,-1.0,21.435821294784546,2719.9522416591644,0.01
116,116,4.1132214391836897e-05,-1.0,23.508598566055298,2743.4608402252197,0.01
117,117,0.00010361267777625471,-1.0,23.71052575111389,2767.1713659763336,0.01
118,118,0.003743542358279228,-1.0,22.61677312850952,2789.788139104843,0.01
119,119,0.00022995575272943825,-1.0,22.800516843795776,2812.588655948639,0.01
120,120,0.01607545278966427,91.1,23.627776622772217,2836.216432571411,0.01
121,121,0.000692341651301831,-1.0,23.513778686523438,2859.7302112579346,0.01
122,122,0.00014899719099048525,-1.0,22.43256378173828,2882.162775039673,0.01
123,123,0.0016676067607477307,-1.0,21.815935611724854,2903.9787106513977,0.01
124,124,0.0037292514462023973,-1.0,22.786130666732788,2926.7648413181305,0.01
125,125,0.0023549359757453203,-1.0,21.893865823745728,2948.658707141876,0.01
126,126,7.07028675606125e-06,-1.0,23.484456062316895,2972.143163204193,0.01
127,127,3.7923168747511227e-06,-1.0,22.79931640625,2994.942479610443,0.01
128,128,0.0008075092919170856,-1.0,21.78154706954956,3016.7240266799927,0.01
129,129,1.5965662896633148e-05,-1.0,23.423052072525024,3040.1470787525177,0.01
130,130,1.6821401004563086e-05,91.91,23.235941171646118,3063.383019924164,0.01
131,131,2.458688470596826e-07,-1.0,23.56626272201538,3086.949282646179,0.01
132,132,7.78568755777087e-06,-1.0,24.948625087738037,3111.8979077339172,0.01
133,133,5.095661981613375e-05,-1.0,24.278276920318604,3136.176184654236,0.01
134,134,4.1349962884851266e-06,-1.0,22.46295976638794,3158.639144420624,0.01
135,135,8.225190867960919e-06,-1.0,23.94879984855652,3182.5879442691803,0.01
136,136,5.673504347214475e-05,-1.0,24.26907777786255,3206.857022047043,0.01
137,137,6.459413270931691e-06,-1.0,23.943634510040283,3230.800656557083,0.01
138,138,2.388274879194796e-05,-1.0,22.48502254486084,3253.285679101944,0.01
139,139,1.3767415111942682e-05,-1.0,23.11934471130371,3276.4050238132477,0.01
140,140,1.2046980373270344e-05,91.84,22.55269694328308,3298.9577207565308,0.01
141,141,2.7196319933864288e-05,-1.0,22.90843391418457,3321.8661546707153,0.01
142,142,0.0,-1.0,24.47421407699585,3346.340368747711,0.01
143,143,4.1400860936846584e-05,-1.0,22.57639503479004,3368.916763782501,0.01
144,144,9.245696674042847e-06,-1.0,23.185359239578247,3392.1021230220795,0.01
145,145,7.57003654143773e-05,-1.0,23.43123960494995,3415.5333626270294,0.01
146,146,5.980071728117764e-05,-1.0,23.390580892562866,3438.9239435195923,0.01
147,147,0.0001946697011590004,-1.0,22.782346725463867,3461.706290245056,0.01
148,148,3.829489287454635e-06,-1.0,25.264992475509644,3486.971282720566,0.01
149,149,0.000273276527877897,-1.0,23.438157081604004,3510.40943980217,0.01
150,150,2.088061773974914e-05,91.81,23.683222770690918,3534.0926625728607,0.01
