,epoch,training_loss,test_acc,epoch_train_time,total_train_time,lr
0,0,-1.0,47.57,-1.0,-1.0,-1.0
1,1,0.037068624049425125,-1.0,12.019900560379028,12.019900560379028,0.01
2,2,0.060416191816329956,-1.0,12.021685361862183,24.04158592224121,0.01
3,3,0.047298677265644073,-1.0,12.001879215240479,36.04346513748169,0.01
4,4,0.015613863244652748,-1.0,12.398415565490723,48.44188070297241,0.01
5,5,0.0860670730471611,-1.0,12.234341621398926,60.67622232437134,0.01
6,6,0.06877108663320541,-1.0,11.708578824996948,72.38480114936829,0.01
7,7,0.16322147846221924,-1.0,12.169928073883057,84.55472922325134,0.01
8,8,0.042640917003154755,-1.0,11.683764457702637,96.23849368095398,0.01
9,9,0.02948162518441677,-1.0,11.856110334396362,108.09460401535034,0.01
10,10,0.010394369252026081,-1.0,11.680722713470459,119.7753267288208,0.01
11,11,0.13057617843151093,-1.0,11.458547830581665,131.23387455940247,0.01
12,12,0.01447151880711317,-1.0,11.981539249420166,143.21541380882263,0.01
13,13,0.014582596719264984,-1.0,12.25568962097168,155.4711034297943,0.01
14,14,0.03513439744710922,-1.0,12.05028748512268,167.521390914917,0.01
15,15,0.009287017397582531,-1.0,12.29857087135315,179.81996178627014,0.01
16,16,0.06638959050178528,-1.0,11.592649698257446,191.4126114845276,0.01
17,17,0.01971239410340786,-1.0,12.34212350845337,203.75473499298096,0.01
18,18,0.01914188079535961,-1.0,11.711291551589966,215.46602654457092,0.01
19,19,0.002996845403686166,-1.0,11.872812986373901,227.33883953094482,0.01
20,20,0.005224992521107197,91.65,11.733173608779907,239.07201313972473,0.01
21,21,0.03822741284966469,-1.0,12.588083267211914,251.66009640693665,0.01
22,22,0.005863543134182692,-1.0,11.981648445129395,263.64174485206604,0.01
23,23,0.002553120721131563,-1.0,11.629717826843262,275.2714626789093,0.01
24,24,0.00403089914470911,-1.0,11.930230855941772,287.2016935348511,0.01
25,25,0.014695157296955585,-1.0,11.963498830795288,299.16519236564636,0.01
26,26,0.015660366043448448,-1.0,12.032353162765503,311.19754552841187,0.01
27,27,0.0071764662861824036,-1.0,11.755163192749023,322.9527087211609,0.01
28,28,0.008157216012477875,-1.0,11.96654462814331,334.9192533493042,0.01
29,29,0.06148991733789444,-1.0,11.966176986694336,346.88543033599854,0.01
30,30,0.010560628958046436,-1.0,11.813638687133789,358.6990690231323,0.01
31,31,0.010140489786863327,-1.0,12.028857231140137,370.72792625427246,0.01
32,32,0.027070295065641403,-1.0,11.722694873809814,382.4506211280823,0.01
33,33,0.012600365094840527,-1.0,12.408877611160278,394.85949873924255,0.01
34,34,0.026230433955788612,-1.0,12.12184739112854,406.9813461303711,0.01
35,35,0.0465996190905571,-1.0,11.854375123977661,418.83572125434875,0.01
36,36,0.001441890373826027,-1.0,11.95824670791626,430.793967962265,0.01
37,37,0.03784611448645592,-1.0,12.067093849182129,442.86106181144714,0.01
38,38,0.010810905136168003,-1.0,11.894212007522583,454.7552738189697,0.01
39,39,0.006684605963528156,-1.0,12.72197413444519,467.4772479534149,0.01
40,40,0.028117651119828224,91.19,11.921241998672485,479.3984899520874,0.01
41,41,0.029244545847177505,-1.0,12.155945301055908,491.5544352531433,0.01
42,42,0.047083087265491486,-1.0,12.082788228988647,503.63722348213196,0.01
43,43,0.017167117446660995,-1.0,11.851767301559448,515.4889907836914,0.01
44,44,0.004060384351760149,-1.0,11.879255771636963,527.3682465553284,0.01
45,45,0.0003325862926431,-1.0,12.016026258468628,539.384272813797,0.01
46,46,0.0026700396556407213,-1.0,12.686753988265991,552.071026802063,0.01
47,47,0.0008203673060052097,-1.0,12.175424337387085,564.2464511394501,0.01
48,48,0.00035043861134909093,-1.0,11.651807069778442,575.8982582092285,0.01
49,49,0.0007555873016826808,-1.0,12.496464014053345,588.3947222232819,0.01
50,50,0.0026912307366728783,-1.0,12.201056241989136,600.595778465271,0.01
51,51,0.029251525178551674,-1.0,12.2012357711792,612.7970142364502,0.01
52,52,0.0008212954853661358,-1.0,12.439836740493774,625.236850976944,0.01
53,53,0.00407454464584589,-1.0,11.997503280639648,637.2343542575836,0.01
54,54,0.0590955913066864,-1.0,12.313787698745728,649.5481419563293,0.01
55,55,0.04831124097108841,-1.0,12.396960020065308,661.9451019763947,0.01
56,56,0.0028730896301567554,-1.0,11.963855504989624,673.9089574813843,0.01
57,57,0.004852859769016504,-1.0,12.005828857421875,685.9147863388062,0.01
58,58,0.018920524045825005,-1.0,11.9767906665802,697.8915770053864,0.01
59,59,0.0008206514758057892,-1.0,12.300677299499512,710.1922543048859,0.01
60,60,0.00020808508270420134,91.8,12.33229684829712,722.524551153183,0.01
