,epoch,training_loss,test_acc,epoch_train_time,total_train_time,lr
0,0,-1.0,10.0,-1.0,-1.0,-1.0
1,1,0.350341796875,-1.0,11.93447470664978,11.93447470664978,0.01
2,2,0.324462890625,-1.0,12.101850509643555,24.036325216293335,0.01
3,3,0.401123046875,-1.0,11.989395141601562,36.0257203578949,0.01
4,4,0.28759765625,-1.0,11.916728734970093,47.94244909286499,0.01
5,5,0.2861328125,-1.0,12.46855115890503,60.41100025177002,0.01
6,6,0.04058837890625,-1.0,11.916416645050049,72.32741689682007,0.01
7,7,0.1461181640625,-1.0,12.352494716644287,84.67991161346436,0.01
8,8,0.26513671875,-1.0,12.3839693069458,97.06388092041016,0.01
9,9,0.214111328125,-1.0,12.140258312225342,109.2041392326355,0.01
10,10,0.0797119140625,-1.0,11.877741813659668,121.08188104629517,0.01
11,11,0.141845703125,-1.0,11.797370433807373,132.87925148010254,0.01
12,12,0.118896484375,-1.0,12.344583988189697,145.22383546829224,0.01
13,13,0.1395263671875,-1.0,11.894755601882935,157.11859107017517,0.01
14,14,0.1544189453125,-1.0,11.715553045272827,168.834144115448,0.01
15,15,0.0161285400390625,-1.0,12.135900497436523,180.97004461288452,0.01
16,16,0.053375244140625,-1.0,11.595088005065918,192.56513261795044,0.01
17,17,0.040557861328125,-1.0,11.941118240356445,204.50625085830688,0.01
18,18,0.122802734375,-1.0,11.735717058181763,216.24196791648865,0.01
19,19,0.1097412109375,-1.0,11.83674430847168,228.07871222496033,0.01
20,20,0.01105499267578125,90.43,11.952397584915161,240.0311098098755,0.01
21,21,0.11370849609375,-1.0,12.042431592941284,252.07354140281677,0.01
22,22,0.086669921875,-1.0,12.343736171722412,264.4172775745392,0.01
23,23,0.06378173828125,-1.0,11.838712453842163,276.25599002838135,0.01
24,24,0.0249786376953125,-1.0,11.663322448730469,287.9193124771118,0.01
25,25,0.06378173828125,-1.0,12.050257921218872,299.9695703983307,0.01
26,26,0.246337890625,-1.0,11.762179613113403,311.7317500114441,0.01
27,27,0.044708251953125,-1.0,11.880515098571777,323.61226511001587,0.01
28,28,0.0197906494140625,-1.0,12.040919542312622,335.6531846523285,0.01
29,29,0.10186767578125,-1.0,12.214020013809204,347.8672046661377,0.01
30,30,0.0281219482421875,-1.0,11.837843179702759,359.70504784584045,0.01
31,31,0.0241241455078125,-1.0,11.78956151008606,371.4946093559265,0.01
32,32,0.03424072265625,-1.0,11.859741449356079,383.3543508052826,0.01
33,33,0.0279083251953125,-1.0,12.026093482971191,395.3804442882538,0.01
34,34,0.0361328125,-1.0,12.266927003860474,407.64737129211426,0.01
35,35,0.0192718505859375,-1.0,11.999313116073608,419.64668440818787,0.01
36,36,0.022430419921875,-1.0,11.800972700119019,431.4476571083069,0.01
37,37,0.030120849609375,-1.0,12.153717041015625,443.6013741493225,0.01
38,38,0.08050537109375,-1.0,11.687655687332153,455.28902983665466,0.01
39,39,0.008270263671875,-1.0,11.98358678817749,467.27261662483215,0.01
40,40,0.0286712646484375,90.02,12.629002094268799,479.90161871910095,0.01
41,41,0.0250701904296875,-1.0,12.178395986557007,492.08001470565796,0.01
42,42,0.0782470703125,-1.0,11.952500820159912,504.03251552581787,0.01
43,43,0.0183258056640625,-1.0,11.654976844787598,515.6874923706055,0.01
44,44,0.0259552001953125,-1.0,11.756752729415894,527.4442451000214,0.01
45,45,0.0198211669921875,-1.0,12.088241577148438,539.5324866771698,0.01
46,46,0.040924072265625,-1.0,11.900848150253296,551.4333348274231,0.01
47,47,0.0200042724609375,-1.0,11.630925416946411,563.0642602443695,0.01
48,48,0.05487060546875,-1.0,11.744671106338501,574.808931350708,0.01
49,49,0.0027027130126953125,-1.0,11.729891061782837,586.5388224124908,0.01
50,50,0.01215362548828125,-1.0,11.96671986579895,598.5055422782898,0.01
51,51,0.035888671875,-1.0,11.724143505096436,610.2296857833862,0.01
52,52,0.01226806640625,-1.0,11.918166875839233,622.1478526592255,0.01
53,53,0.031890869140625,-1.0,12.027017831802368,634.1748704910278,0.01
54,54,0.154541015625,-1.0,12.09655499458313,646.271425485611,0.01
55,55,0.06268310546875,-1.0,11.97786283493042,658.2492883205414,0.01
56,56,0.105712890625,-1.0,11.748458862304688,669.9977471828461,0.01
57,57,0.0158843994140625,-1.0,11.840973377227783,681.8387205600739,0.01
58,58,0.01035308837890625,-1.0,11.761395454406738,693.6001160144806,0.01
59,59,0.00728607177734375,-1.0,11.877007484436035,705.4771234989166,0.01
60,60,0.0038547515869140625,90.46,12.042395114898682,717.5195186138153,0.01
