,epoch,training_loss,test_acc,epoch_train_time,total_train_time,lr
0,0,-1.0,10.0,-1.0,-1.0,-1.0
1,1,0.3143022954463959,-1.0,11.735681295394897,11.735681295394897,0.01
2,2,0.2792362868785858,-1.0,12.254709005355835,23.990390300750732,0.01
3,3,0.3870401680469513,-1.0,11.996567964553833,35.986958265304565,0.01
4,4,0.29303425550460815,-1.0,11.45609974861145,47.443058013916016,0.01
5,5,0.28898757696151733,-1.0,11.561708927154541,59.00476694107056,0.01
6,6,0.05087948963046074,-1.0,11.617747068405151,70.62251400947571,0.01
7,7,0.09456847608089447,-1.0,12.412557363510132,83.03507137298584,0.01
8,8,0.22532439231872559,-1.0,12.422368288040161,95.457439661026,0.01
9,9,0.22150211036205292,-1.0,12.095923662185669,107.55336332321167,0.01
10,10,0.07310749590396881,-1.0,11.93937373161316,119.49273705482483,0.01
11,11,0.09911344945430756,-1.0,11.533102750778198,131.02583980560303,0.01
12,12,0.13098952174186707,-1.0,11.80474305152893,142.83058285713196,0.01
13,13,0.12122802436351776,-1.0,12.204243421554565,155.03482627868652,0.01
14,14,0.17849504947662354,-1.0,11.99562382698059,167.03045010566711,0.01
15,15,0.023387378081679344,-1.0,12.025567054748535,179.05601716041565,0.01
16,16,0.07135694473981857,-1.0,12.107899904251099,191.16391706466675,0.01
17,17,0.021147334948182106,-1.0,11.818686485290527,202.98260354995728,0.01
18,18,0.07236196100711823,-1.0,11.688507556915283,214.67111110687256,0.01
19,19,0.09358513355255127,-1.0,11.330297708511353,226.0014088153839,0.01
20,20,0.03983750939369202,90.27,12.30715036392212,238.30855917930603,0.01
21,21,0.04117085784673691,-1.0,11.786683559417725,250.09524273872375,0.01
22,22,0.061255067586898804,-1.0,11.846274137496948,261.9415168762207,0.01
23,23,0.06802459061145782,-1.0,11.462306022644043,273.40382289886475,0.01
24,24,0.019107459113001823,-1.0,11.94933009147644,285.3531529903412,0.01
25,25,0.08814559131860733,-1.0,11.659521579742432,297.0126745700836,0.01
26,26,0.19557823240756989,-1.0,11.73889970779419,308.7515742778778,0.01
27,27,0.02789200283586979,-1.0,11.444634914398193,320.196209192276,0.01
28,28,0.058525972068309784,-1.0,11.826690196990967,332.02289938926697,0.01
29,29,0.11114295572042465,-1.0,11.909958839416504,343.9328582286835,0.01
30,30,0.029507726430892944,-1.0,11.596508741378784,355.52936697006226,0.01
31,31,0.0074547105468809605,-1.0,11.582950830459595,367.11231780052185,0.01
32,32,0.047087669372558594,-1.0,11.725198984146118,378.83751678466797,0.01
33,33,0.07619290053844452,-1.0,11.796756744384766,390.63427352905273,0.01
34,34,0.014231587760150433,-1.0,11.858493566513062,402.4927670955658,0.01
35,35,0.00832735002040863,-1.0,12.229689121246338,414.72245621681213,0.01
36,36,0.03125447407364845,-1.0,11.60087275505066,426.3233289718628,0.01
37,37,0.03732568398118019,-1.0,11.737132549285889,438.0604615211487,0.01
38,38,0.03655299171805382,-1.0,11.657464504241943,449.7179260253906,0.01
39,39,0.009536230936646461,-1.0,11.728351831436157,461.4462778568268,0.01
40,40,0.06649138778448105,89.98,11.547606229782104,472.9938840866089,0.01
41,41,0.006220685318112373,-1.0,11.969720125198364,484.96360421180725,0.01
42,42,0.05596620962023735,-1.0,12.351309537887573,497.3149137496948,0.01
43,43,0.05139849707484245,-1.0,11.817678689956665,509.1325924396515,0.01
44,44,0.02249252423644066,-1.0,11.722894191741943,520.8554866313934,0.01
45,45,0.09961904585361481,-1.0,11.48198652267456,532.337473154068,0.01
46,46,0.01970485970377922,-1.0,12.182700634002686,544.5201737880707,0.01
47,47,0.030340012162923813,-1.0,11.654458045959473,556.1746318340302,0.01
48,48,0.024265192449092865,-1.0,11.849853038787842,568.024484872818,0.01
49,49,0.050294309854507446,-1.0,11.758524179458618,579.7830090522766,0.01
50,50,0.002471291460096836,-1.0,11.730816125869751,591.5138251781464,0.01
51,51,0.026333604007959366,-1.0,11.699073076248169,603.2128982543945,0.01
52,52,0.021451469510793686,-1.0,11.454840421676636,614.6677386760712,0.01
53,53,0.013542997650802135,-1.0,11.753847122192383,626.4215857982635,0.01
54,54,0.13235706090927124,-1.0,11.846317529678345,638.2679033279419,0.01
55,55,0.0016401034081354737,-1.0,12.2650465965271,650.532949924469,0.01
56,56,0.021347003057599068,-1.0,11.615007400512695,662.1479573249817,0.01
57,57,0.08335116505622864,-1.0,11.8112154006958,673.9591727256775,0.01
58,58,0.007906770333647728,-1.0,11.668746709823608,685.6279194355011,0.01
59,59,0.021010490134358406,-1.0,11.775588989257812,697.4035084247589,0.01
60,60,0.004019628278911114,91.07,12.182737112045288,709.5862455368042,0.01
