,epoch,training_loss,test_acc,epoch_train_time,total_train_time,lr
0,0,-1.0,47.56,-1.0,-1.0,-1.0
1,1,0.037567138671875,-1.0,11.77847146987915,11.77847146987915,0.01
2,2,0.0555419921875,-1.0,11.894367456436157,23.672838926315308,0.01
3,3,0.049835205078125,-1.0,11.816439867019653,35.48927879333496,0.01
4,4,0.0205841064453125,-1.0,11.72110104560852,47.21037983894348,0.01
5,5,0.07537841796875,-1.0,11.514853715896606,58.72523355484009,0.01
6,6,0.034515380859375,-1.0,11.803317070007324,70.52855062484741,0.01
7,7,0.1318359375,-1.0,12.020554542541504,82.54910516738892,0.01
8,8,0.052001953125,-1.0,11.941677570343018,94.49078273773193,0.01
9,9,0.05633544921875,-1.0,11.65198040008545,106.14276313781738,0.01
10,10,0.016326904296875,-1.0,12.191797256469727,118.33456039428711,0.01
11,11,0.09832763671875,-1.0,12.054284811019897,130.388845205307,0.01
12,12,0.022552490234375,-1.0,12.243337869644165,142.63218307495117,0.01
13,13,0.0215606689453125,-1.0,12.027932405471802,154.66011548042297,0.01
14,14,0.053375244140625,-1.0,11.816078186035156,166.47619366645813,0.01
15,15,0.00826263427734375,-1.0,11.870327472686768,178.3465211391449,0.01
16,16,0.036529541015625,-1.0,12.027031183242798,190.3735523223877,0.01
17,17,0.017303466796875,-1.0,12.094149351119995,202.4677016735077,0.01
18,18,0.045745849609375,-1.0,12.012015581130981,214.47971725463867,0.01
19,19,0.0198974609375,-1.0,11.93120527267456,226.41092252731323,0.01
20,20,0.0149688720703125,91.63,12.177862405776978,238.5887849330902,0.01
21,21,0.06939697265625,-1.0,11.789200067520142,250.37798500061035,0.01
22,22,0.047210693359375,-1.0,11.9274582862854,262.30544328689575,0.01
23,23,0.007080078125,-1.0,11.86516785621643,274.1706111431122,0.01
24,24,0.0194091796875,-1.0,11.811902523040771,285.98251366615295,0.01
25,25,0.04632568359375,-1.0,12.164282321929932,298.1467959880829,0.01
26,26,0.06536865234375,-1.0,11.822269678115845,309.96906566619873,0.01
27,27,0.035675048828125,-1.0,11.813393354415894,321.7824590206146,0.01
28,28,0.00040411949157714844,-1.0,12.14573073387146,333.9281897544861,0.01
29,29,0.03363037109375,-1.0,11.77875828742981,345.7069480419159,0.01
30,30,0.002147674560546875,-1.0,11.850510120391846,357.55745816230774,0.01
31,31,0.060943603515625,-1.0,12.011195182800293,369.56865334510803,0.01
32,32,0.00614166259765625,-1.0,12.192261934280396,381.7609152793884,0.01
33,33,0.0204315185546875,-1.0,11.770769834518433,393.53168511390686,0.01
34,34,0.009674072265625,-1.0,11.703112602233887,405.23479771614075,0.01
35,35,0.06195068359375,-1.0,11.80318546295166,417.0379831790924,0.01
36,36,0.00540924072265625,-1.0,12.567438840866089,429.6054220199585,0.01
37,37,0.0237579345703125,-1.0,12.098395347595215,441.7038173675537,0.01
38,38,0.01506805419921875,-1.0,11.982083559036255,453.68590092658997,0.01
39,39,0.0196380615234375,-1.0,11.786337852478027,465.472238779068,0.01
40,40,0.00537109375,91.26,11.651160955429077,477.12339973449707,0.01
41,41,0.0220489501953125,-1.0,11.948703050613403,489.0721027851105,0.01
42,42,0.040313720703125,-1.0,11.7633535861969,500.8354563713074,0.01
43,43,0.01244354248046875,-1.0,11.875812292098999,512.7112686634064,0.01
44,44,0.00022125244140625,-1.0,11.763786792755127,524.4750554561615,0.01
45,45,0.0007548332214355469,-1.0,11.733371257781982,536.2084267139435,0.01
46,46,0.035369873046875,-1.0,11.940827369689941,548.1492540836334,0.01
47,47,0.0006699562072753906,-1.0,11.77077317237854,559.920027256012,0.01
48,48,0.0232696533203125,-1.0,11.676117897033691,571.5961451530457,0.01
49,49,0.0032901763916015625,-1.0,11.636014938354492,583.2321600914001,0.01
50,50,0.005100250244140625,-1.0,11.809036016464233,595.0411961078644,0.01
51,51,0.0162811279296875,-1.0,11.622785806655884,606.6639819145203,0.01
52,52,0.01526641845703125,-1.0,11.8563711643219,618.5203530788422,0.01
53,53,0.0014085769653320312,-1.0,12.111563682556152,630.6319167613983,0.01
54,54,0.0276641845703125,-1.0,11.670880794525146,642.3027975559235,0.01
55,55,0.0023441314697265625,-1.0,11.737947940826416,654.0407454967499,0.01
56,56,0.007740020751953125,-1.0,11.611915349960327,665.6526608467102,0.01
57,57,0.012908935546875,-1.0,11.770774602890015,677.4234354496002,0.01
58,58,0.01486968994140625,-1.0,11.643403053283691,689.0668385028839,0.01
59,59,0.001499176025390625,-1.0,11.531155109405518,700.5979936122894,0.01
60,60,0.0045623779296875,91.29,12.115271091461182,712.7132647037506,0.01
