,epoch,training_loss,test_acc,epoch_train_time,total_train_time,lr
0,0,-1.0,10.0,-1.0,-1.0,-1.0
1,1,0.3228715658187866,-1.0,12.64829158782959,12.64829158782959,0.01
2,2,0.3051507771015167,-1.0,12.294626235961914,24.942917823791504,0.01
3,3,0.3920067250728607,-1.0,12.415372133255005,37.35828995704651,0.01
4,4,0.28904348611831665,-1.0,12.718938112258911,50.07722806930542,0.01
5,5,0.2601305842399597,-1.0,12.517475605010986,62.594703674316406,0.01
6,6,0.060293786227703094,-1.0,12.627153873443604,75.22185754776001,0.01
7,7,0.12329535186290741,-1.0,12.428197860717773,87.65005540847778,0.01
8,8,0.2406902313232422,-1.0,12.263452053070068,99.91350746154785,0.01
9,9,0.1754942685365677,-1.0,12.468255281448364,112.38176274299622,0.01
10,10,0.07773680984973907,-1.0,12.235101699829102,124.61686444282532,0.01
11,11,0.10090325027704239,-1.0,12.611109972000122,137.22797441482544,0.01
12,12,0.13957032561302185,-1.0,12.41628122329712,149.64425563812256,0.01
13,13,0.1391526460647583,-1.0,12.881248712539673,162.52550435066223,0.01
14,14,0.1706894338130951,-1.0,12.656377792358398,175.18188214302063,0.01
15,15,0.02151942066848278,-1.0,12.414029359817505,187.59591150283813,0.01
16,16,0.0205282811075449,-1.0,12.520707368850708,200.11661887168884,0.01
17,17,0.012253805063664913,-1.0,12.678163766860962,212.7947826385498,0.01
18,18,0.07658369839191437,-1.0,12.575955152511597,225.3707377910614,0.01
19,19,0.07401718199253082,-1.0,12.741143226623535,238.11188101768494,0.01
20,20,0.02668696641921997,90.41,12.52817678451538,250.64005780220032,0.01
21,21,0.09072809666395187,-1.0,12.675890922546387,263.3159487247467,0.01
22,22,0.10812580585479736,-1.0,12.46849250793457,275.7844412326813,0.01
23,23,0.11317996680736542,-1.0,12.478586673736572,288.26302790641785,0.01
24,24,0.022804727777838707,-1.0,12.694468975067139,300.957496881485,0.01
25,25,0.09691009670495987,-1.0,13.023269176483154,313.98076605796814,0.01
26,26,0.22613100707530975,-1.0,12.751493215560913,326.73225927352905,0.01
27,27,0.07369872182607651,-1.0,12.374070405960083,339.10632967948914,0.01
28,28,0.01621107943356037,-1.0,12.59498906135559,351.7013187408447,0.01
29,29,0.17766962945461273,-1.0,12.713673830032349,364.4149925708771,0.01
30,30,0.053680408746004105,-1.0,12.296682834625244,376.7116754055023,0.01
31,31,0.007651989813894033,-1.0,12.665727853775024,389.37740325927734,0.01
32,32,0.0664120465517044,-1.0,12.730500221252441,402.1079034805298,0.01
33,33,0.08959648758172989,-1.0,12.546560287475586,414.65446376800537,0.01
34,34,0.007955043576657772,-1.0,12.460114002227783,427.11457777023315,0.01
35,35,0.014447815716266632,-1.0,12.532684803009033,439.6472625732422,0.01
36,36,0.041039012372493744,-1.0,12.65823483467102,452.3054974079132,0.01
37,37,0.013673564419150352,-1.0,12.807363033294678,465.1128604412079,0.01
38,38,0.08226257562637329,-1.0,12.791826963424683,477.90468740463257,0.01
39,39,0.053657788783311844,-1.0,12.326450824737549,490.2311382293701,0.01
40,40,0.04277830198407173,89.99,12.988300085067749,503.21943831443787,0.01
41,41,0.040360961109399796,-1.0,12.287260055541992,515.5066983699799,0.01
42,42,0.014479284174740314,-1.0,12.73371410369873,528.2404124736786,0.01
43,43,0.03996650502085686,-1.0,12.684838056564331,540.9252505302429,0.01
44,44,0.07787740975618362,-1.0,12.990172863006592,553.9154233932495,0.01
45,45,0.04564885050058365,-1.0,13.235671520233154,567.1510949134827,0.01
46,46,0.008895054459571838,-1.0,12.725946187973022,579.8770411014557,0.01
47,47,0.06841897964477539,-1.0,12.388842105865479,592.2658832073212,0.01
48,48,0.01948278211057186,-1.0,12.558753252029419,604.8246364593506,0.01
49,49,0.08655436336994171,-1.0,12.833929300308228,617.6585657596588,0.01
50,50,0.007343186531215906,-1.0,12.882036447525024,630.5406022071838,0.01
51,51,0.03164399415254593,-1.0,12.447847843170166,642.988450050354,0.01
52,52,0.05439779907464981,-1.0,12.240351676940918,655.2288017272949,0.01
53,53,0.025273147970438004,-1.0,12.388704776763916,667.6175065040588,0.01
54,54,0.04051937535405159,-1.0,12.412600040435791,680.0301065444946,0.01
55,55,0.003129237098619342,-1.0,12.342480421066284,692.3725869655609,0.01
56,56,0.012984177097678185,-1.0,12.787888288497925,705.1604752540588,0.01
57,57,0.04969875141978264,-1.0,12.624821662902832,717.7852969169617,0.01
58,58,0.0033565741032361984,-1.0,12.411474227905273,730.196771144867,0.01
59,59,0.005380501504987478,-1.0,12.582830429077148,742.7796015739441,0.01
60,60,0.029666941612958908,90.57,12.389191150665283,755.1687927246094,0.01
