,epoch,training_loss,test_acc,epoch_train_time,total_train_time,lr
0,0,-1.0,17.41,-1.0,-1.0,-1.0
1,1,0.85912024974823,-1.0,25.88633704185486,25.88633704185486,0.01
2,2,0.9625918865203857,-1.0,24.851938724517822,50.73827576637268,0.01
3,3,1.0171864032745361,-1.0,25.49432110786438,76.23259687423706,0.01
4,4,0.8971583247184753,-1.0,25.437017679214478,101.66961455345154,0.01
5,5,0.6335960030555725,-1.0,24.819411039352417,126.48902559280396,0.01
6,6,1.2231955528259277,-1.0,24.74142622947693,151.23045182228088,0.01
7,7,1.280093789100647,-1.0,23.897744178771973,175.12819600105286,0.01
8,8,0.9114167094230652,-1.0,23.952960729599,199.08115673065186,0.01
9,9,1.5203580856323242,-1.0,24.20021152496338,223.28136825561523,0.01
10,10,1.5583429336547852,55.77,24.62796425819397,247.9093325138092,0.01
11,11,1.4679481983184814,-1.0,24.937045335769653,272.84637784957886,0.01
12,12,0.7727141380310059,-1.0,23.117777824401855,295.9641556739807,0.01
13,13,1.0978784561157227,-1.0,25.741799354553223,321.70595502853394,0.01
14,14,1.1869975328445435,-1.0,24.732384204864502,346.43833923339844,0.01
15,15,0.9808893203735352,-1.0,24.2206711769104,370.65901041030884,0.01
16,16,1.414303183555603,-1.0,25.00461721420288,395.6636276245117,0.01
17,17,1.543110966682434,-1.0,23.669401168823242,419.33302879333496,0.01
18,18,1.3674136400222778,-1.0,25.08466100692749,444.41768980026245,0.01
19,19,2.2408406734466553,-1.0,24.203491926193237,468.6211817264557,0.01
20,20,1.147748589515686,44.92,24.32789421081543,492.9490759372711,0.01
21,21,1.8234511613845825,-1.0,24.981096506118774,517.9301724433899,0.01
22,22,1.296193242073059,-1.0,24.98542332649231,542.9155957698822,0.01
23,23,1.6394362449645996,-1.0,25.001429080963135,567.9170248508453,0.01
24,24,1.2290470600128174,-1.0,25.381717443466187,593.2987422943115,0.01
25,25,1.427086353302002,-1.0,24.585532426834106,617.8842747211456,0.01
26,26,1.047176718711853,-1.0,25.16079354286194,643.0450682640076,0.01
27,27,1.8416622877120972,-1.0,24.827712774276733,667.8727810382843,0.01
28,28,1.2752430438995361,-1.0,25.0164852142334,692.8892662525177,0.01
29,29,1.3236740827560425,-1.0,24.415488958358765,717.3047552108765,0.01
30,30,1.2694768905639648,47.74,25.68812894821167,742.9928841590881,0.01
31,31,1.3498982191085815,-1.0,24.287397623062134,767.2802817821503,0.01
32,32,1.4819176197052002,-1.0,26.151099920272827,793.4313817024231,0.01
33,33,1.6059932708740234,-1.0,24.433507680892944,817.864889383316,0.01
34,34,1.2051931619644165,-1.0,24.619657516479492,842.4845468997955,0.01
35,35,1.4295380115509033,-1.0,24.721038341522217,867.2055852413177,0.01
36,36,1.2389447689056396,-1.0,25.08880305290222,892.29438829422,0.01
37,37,2.0024161338806152,-1.0,26.36424684524536,918.6586351394653,0.01
38,38,1.759819746017456,-1.0,26.073357105255127,944.7319922447205,0.01
39,39,1.134486436843872,-1.0,25.41452383995056,970.146516084671,0.01
40,40,1.586806297302246,47.21,25.217118978500366,995.3636350631714,0.01
41,41,1.986792802810669,-1.0,25.587080478668213,1020.9507155418396,0.01
42,42,1.4525954723358154,-1.0,24.723259449005127,1045.6739749908447,0.01
43,43,1.680271029472351,-1.0,23.987171411514282,1069.661146402359,0.01
44,44,1.8788479566574097,-1.0,24.33994436264038,1094.0010907649994,0.01
45,45,1.6519031524658203,-1.0,24.685717344284058,1118.6868081092834,0.01
46,46,1.5314562320709229,-1.0,23.800671577453613,1142.487479686737,0.01
47,47,1.3882982730865479,-1.0,24.719514846801758,1167.2069945335388,0.01
48,48,1.4155584573745728,-1.0,23.904255151748657,1191.1112496852875,0.01
49,49,1.5910534858703613,-1.0,24.08969807624817,1215.2009477615356,0.01
50,50,1.840425968170166,42.72,24.122191429138184,1239.3231391906738,0.01
51,51,1.7086548805236816,-1.0,23.92052388191223,1263.243663072586,0.01
52,52,1.5924190282821655,-1.0,25.10553526878357,1288.3491983413696,0.01
53,53,1.3221406936645508,-1.0,26.66299605369568,1315.0121943950653,0.01
54,54,1.2832376956939697,-1.0,24.886573553085327,1339.8987679481506,0.01
55,55,1.3211581707000732,-1.0,26.7453875541687,1366.6441555023193,0.01
56,56,1.159577488899231,-1.0,27.276334047317505,1393.9204895496368,0.01
57,57,1.8717198371887207,-1.0,25.279430150985718,1419.1999197006226,0.01
58,58,1.4894213676452637,-1.0,25.28170418739319,1444.4816238880157,0.01
59,59,1.544162392616272,-1.0,25.509875059127808,1469.9914989471436,0.01
60,60,1.8584398031234741,44.35,25.103633403778076,1495.0951323509216,0.01
61,61,1.7841062545776367,-1.0,23.567130088806152,1518.6622624397278,0.01
62,62,1.476402997970581,-1.0,24.824772596359253,1543.487035036087,0.01
63,63,1.102554202079773,-1.0,26.69646644592285,1570.18350148201,0.01
64,64,1.522258996963501,-1.0,24.11780333518982,1594.3013048171997,0.01
65,65,1.9837408065795898,-1.0,22.94717502593994,1617.2484798431396,0.01
66,66,1.4430363178253174,-1.0,23.15052080154419,1640.3990006446838,0.01
67,67,1.3864381313323975,-1.0,23.64267349243164,1664.0416741371155,0.01
68,68,1.799301266670227,-1.0,22.532636642456055,1686.5743107795715,0.01
69,69,1.6406080722808838,-1.0,24.354012966156006,1710.9283237457275,0.01
70,70,1.8651567697525024,42.41,23.854353666305542,1734.782677412033,0.01
71,71,1.6896915435791016,-1.0,24.542378187179565,1759.3250555992126,0.01
72,72,1.2385752201080322,-1.0,26.17858862876892,1785.5036442279816,0.01
73,73,1.4676039218902588,-1.0,23.56913995742798,1809.0727841854095,0.01
74,74,1.4623709917068481,-1.0,22.440325260162354,1831.513109445572,0.01
75,75,1.545256495475769,-1.0,24.97478938102722,1856.4878988265991,0.01
76,76,1.667159080505371,-1.0,24.28667116165161,1880.7745699882507,0.01
77,77,1.350561261177063,-1.0,24.15237069129944,1904.9269406795502,0.01
78,78,1.5625499486923218,-1.0,23.573942184448242,1928.5008828639984,0.01
79,79,1.4100435972213745,-1.0,24.351311206817627,1952.852194070816,0.01
80,80,1.4126918315887451,41.08,25.11881399154663,1977.9710080623627,0.01
81,81,1.0403900146484375,-1.0,24.303187370300293,2002.274195432663,0.01
82,82,1.5236561298370361,-1.0,24.267813444137573,2026.5420088768005,0.01
83,83,1.4990520477294922,-1.0,25.383939266204834,2051.9259481430054,0.01
84,84,1.6803169250488281,-1.0,26.448323011398315,2078.3742711544037,0.01
85,85,1.676849603652954,-1.0,24.541491270065308,2102.915762424469,0.01
86,86,1.8304669857025146,-1.0,24.979156255722046,2127.894918680191,0.01
87,87,1.8117469549179077,-1.0,23.853427171707153,2151.748345851898,0.01
88,88,1.3513755798339844,-1.0,24.145002603530884,2175.893348455429,0.01
89,89,2.108874559402466,-1.0,24.983444452285767,2200.876792907715,0.01
90,90,1.1278316974639893,45.11,25.393328189849854,2226.2701210975647,0.01
91,91,2.075972080230713,-1.0,24.909805059432983,2251.1799261569977,0.01
92,92,1.5346957445144653,-1.0,24.693393230438232,2275.873319387436,0.01
93,93,1.5654034614562988,-1.0,23.223151683807373,2299.0964710712433,0.01
94,94,1.9846653938293457,-1.0,24.88844323158264,2323.984914302826,0.01
95,95,1.6680277585983276,-1.0,24.812158584594727,2348.7970728874207,0.01
96,96,1.9501256942749023,-1.0,23.695883750915527,2372.492956638336,0.01
97,97,1.8431209325790405,-1.0,22.518115282058716,2395.011071920395,0.01
98,98,1.5636796951293945,-1.0,24.305124044418335,2419.3161959648132,0.01
99,99,2.0235507488250732,-1.0,24.262855052947998,2443.5790510177612,0.01
100,100,1.4625169038772583,42.19,23.87882161140442,2467.4578726291656,0.01
101,101,1.7330288887023926,-1.0,23.356088638305664,2490.8139612674713,0.01
102,102,1.4260061979293823,-1.0,23.89202117919922,2514.7059824466705,0.01
103,103,1.5304516553878784,-1.0,23.122418642044067,2537.8284010887146,0.01
104,104,1.5969980955123901,-1.0,25.605529069900513,2563.433930158615,0.01
105,105,1.5090796947479248,-1.0,23.581075191497803,2587.015005350113,0.01
106,106,1.4010801315307617,-1.0,23.82420825958252,2610.8392136096954,0.01
107,107,1.3816888332366943,-1.0,23.55654239654541,2634.395756006241,0.01
108,108,1.6805171966552734,-1.0,23.71352505683899,2658.10928106308,0.01
109,109,1.4742975234985352,-1.0,21.64968776702881,2679.7589688301086,0.01
110,110,1.6465318202972412,39.92,23.414563417434692,2703.1735322475433,0.01
111,111,1.5222526788711548,-1.0,26.895302057266235,2730.0688343048096,0.01
112,112,1.6307567358016968,-1.0,25.293834447860718,2755.3626687526703,0.01
113,113,1.875470519065857,-1.0,25.755706548690796,2781.118375301361,0.01
114,114,1.6222435235977173,-1.0,24.86478567123413,2805.983160972595,0.01
115,115,1.5769888162612915,-1.0,25.96869945526123,2831.9518604278564,0.01
116,116,2.192460298538208,-1.0,26.69275450706482,2858.6446149349213,0.01
117,117,1.628423810005188,-1.0,26.800889253616333,2885.4455041885376,0.01
118,118,1.4707247018814087,-1.0,25.175439834594727,2910.6209440231323,0.01
119,119,2.099703311920166,-1.0,27.463436365127563,2938.08438038826,0.01
120,120,1.1022579669952393,34.64,25.018600463867188,2963.102980852127,0.01
121,121,1.4410287141799927,-1.0,24.440268754959106,2987.543249607086,0.01
122,122,1.3078043460845947,-1.0,25.373141765594482,3012.9163913726807,0.01
123,123,1.9357473850250244,-1.0,24.671051263809204,3037.58744263649,0.01
124,124,1.4223439693450928,-1.0,25.82099223136902,3063.408434867859,0.01
125,125,1.6007211208343506,-1.0,24.70231556892395,3088.110750436783,0.01
126,126,1.4853663444519043,-1.0,24.473816633224487,3112.5845670700073,0.01
127,127,1.5011749267578125,-1.0,24.214592695236206,3136.7991597652435,0.01
128,128,1.687922477722168,-1.0,24.43165159225464,3161.230811357498,0.01
129,129,1.4063435792922974,-1.0,26.218406438827515,3187.4492177963257,0.01
130,130,1.4245612621307373,41.13,22.762683868408203,3210.211901664734,0.01
131,131,1.0532419681549072,-1.0,24.124541997909546,3234.3364436626434,0.01
132,132,1.613939881324768,-1.0,22.935051202774048,3257.2714948654175,0.01
133,133,1.7257030010223389,-1.0,24.13362956047058,3281.405124425888,0.01
134,134,1.4831864833831787,-1.0,26.725765228271484,3308.1308896541595,0.01
135,135,1.7608137130737305,-1.0,25.12403702735901,3333.2549266815186,0.01
136,136,1.5892276763916016,-1.0,25.532179594039917,3358.7871062755585,0.01
137,137,1.7438663244247437,-1.0,26.234529733657837,3385.0216360092163,0.01
138,138,1.5818653106689453,-1.0,27.358372926712036,3412.3800089359283,0.01
139,139,1.431806206703186,-1.0,27.568364143371582,3439.9483730793,0.01
140,140,2.1297764778137207,35.34,27.554452419281006,3467.502825498581,0.01
141,141,1.4562537670135498,-1.0,25.820050954818726,3493.3228764533997,0.01
142,142,1.27729070186615,-1.0,25.297616481781006,3518.6204929351807,0.01
143,143,1.4858654737472534,-1.0,25.032217502593994,3543.6527104377747,0.01
144,144,1.5333844423294067,-1.0,24.472954511642456,3568.125664949417,0.01
145,145,1.235210657119751,-1.0,24.21143388748169,3592.337098836899,0.01
146,146,1.4915066957473755,-1.0,24.750818967819214,3617.087917804718,0.01
147,147,1.3989684581756592,-1.0,27.224685668945312,3644.3126034736633,0.01
148,148,1.730060338973999,-1.0,24.037187814712524,3668.349791288376,0.01
149,149,1.21307373046875,-1.0,24.822461128234863,3693.1722524166107,0.01
150,150,1.576268196105957,36.78,24.623241901397705,3717.7954943180084,0.01
