,epoch,training_loss,test_acc,epoch_train_time,total_train_time,lr
0,0,-1.0,10.0,-1.0,-1.0,-1.0
1,1,2.2985894680023193,-1.0,24.77712392807007,24.77712392807007,0.01
2,2,1.6942108869552612,-1.0,24.587383031845093,49.36450695991516,0.01
3,3,0.9552731513977051,-1.0,24.060914993286133,73.4254219532013,0.01
4,4,1.0953943729400635,-1.0,23.1682550907135,96.5936770439148,0.01
5,5,1.2493990659713745,-1.0,23.299910068511963,119.89358711242676,0.01
6,6,0.9140703678131104,-1.0,23.62876009941101,143.52234721183777,0.01
7,7,1.559576392173767,-1.0,25.22568106651306,168.74802827835083,0.01
8,8,2.1677799224853516,-1.0,26.503828048706055,195.25185632705688,0.01
9,9,1.2679351568222046,-1.0,25.948183298110962,221.20003962516785,0.01
10,10,0.9356791377067566,46.4,26.75771737098694,247.95775699615479,0.01
11,11,1.6795527935028076,-1.0,25.45960831642151,273.4173653125763,0.01
12,12,1.582719326019287,-1.0,25.778542280197144,299.19590759277344,0.01
13,13,1.5314136743545532,-1.0,25.30299186706543,324.49889945983887,0.01
14,14,1.5257155895233154,-1.0,22.94102120399475,347.4399206638336,0.01
15,15,1.4076547622680664,-1.0,24.70058798789978,372.1405086517334,0.01
16,16,1.348279595375061,-1.0,24.303531646728516,396.4440402984619,0.01
17,17,1.6713815927505493,-1.0,21.766767263412476,418.2108075618744,0.01
18,18,1.2918002605438232,-1.0,23.431446075439453,441.64225363731384,0.01
19,19,1.5725032091140747,-1.0,23.966668844223022,465.60892248153687,0.01
20,20,1.6093475818634033,44.67,22.959665298461914,488.5685877799988,0.01
21,21,1.86435067653656,-1.0,23.126947164535522,511.6955349445343,0.01
22,22,1.2404303550720215,-1.0,23.1828932762146,534.8784282207489,0.01
23,23,1.827144980430603,-1.0,22.73970603942871,557.6181342601776,0.01
24,24,1.37287437915802,-1.0,24.003820180892944,581.6219544410706,0.01
25,25,2.013831853866577,-1.0,25.347996473312378,606.9699509143829,0.01
26,26,1.0648542642593384,-1.0,27.83834743499756,634.8082983493805,0.01
27,27,1.2459849119186401,-1.0,25.71565890312195,660.5239572525024,0.01
28,28,1.5002084970474243,-1.0,25.98967671394348,686.5136339664459,0.01
29,29,1.953316330909729,-1.0,26.381534099578857,712.8951680660248,0.01
30,30,1.6947747468948364,46.31,25.78010606765747,738.6752741336823,0.01
31,31,1.6345969438552856,-1.0,25.65027379989624,764.3255479335785,0.01
32,32,1.614951252937317,-1.0,24.630836725234985,788.9563846588135,0.01
33,33,1.8021516799926758,-1.0,24.965376377105713,813.9217610359192,0.01
34,34,1.3409395217895508,-1.0,24.359370470046997,838.2811315059662,0.01
35,35,1.4115561246871948,-1.0,25.488229990005493,863.7693614959717,0.01
36,36,1.6230782270431519,-1.0,25.279818773269653,889.0491802692413,0.01
37,37,1.7601372003555298,-1.0,24.10470151901245,913.1538817882538,0.01
38,38,1.440887212753296,-1.0,24.19556188583374,937.3494436740875,0.01
39,39,1.8112376928329468,-1.0,24.30034637451172,961.6497900485992,0.01
40,40,1.6570008993148804,46.14,25.47246265411377,987.122252702713,0.01
41,41,1.4311866760253906,-1.0,23.891523838043213,1011.0137765407562,0.01
42,42,1.2088178396224976,-1.0,25.313183069229126,1036.3269596099854,0.01
43,43,1.5828031301498413,-1.0,24.326958417892456,1060.6539180278778,0.01
44,44,1.5836589336395264,-1.0,23.796265602111816,1084.4501836299896,0.01
45,45,1.7069871425628662,-1.0,23.389581203460693,1107.8397648334503,0.01
46,46,1.769461989402771,-1.0,22.714250326156616,1130.554015159607,0.01
47,47,1.8743836879730225,-1.0,25.724852085113525,1156.2788672447205,0.01
48,48,1.8031094074249268,-1.0,25.643532752990723,1181.9223999977112,0.01
49,49,1.8222166299819946,-1.0,27.789398193359375,1209.7117981910706,0.01
50,50,1.8273828029632568,39.59,25.311434030532837,1235.0232322216034,0.01
51,51,1.4528419971466064,-1.0,25.325971841812134,1260.3492040634155,0.01
52,52,1.4903358221054077,-1.0,25.420051097869873,1285.7692551612854,0.01
53,53,1.5155889987945557,-1.0,26.96710205078125,1312.7363572120667,0.01
54,54,1.9033961296081543,-1.0,26.834688425064087,1339.5710456371307,0.01
55,55,1.658043622970581,-1.0,24.998830556869507,1364.5698761940002,0.01
56,56,1.5997138023376465,-1.0,25.831393480300903,1390.4012696743011,0.01
57,57,1.7827262878417969,-1.0,25.660481452941895,1416.061751127243,0.01
58,58,1.225169062614441,-1.0,24.782122373580933,1440.843873500824,0.01
59,59,1.8146347999572754,-1.0,27.163660764694214,1468.0075342655182,0.01
60,60,1.532866358757019,43.53,25.68132758140564,1493.6888618469238,0.01
61,61,1.8015320301055908,-1.0,22.68854594230652,1516.3774077892303,0.01
62,62,1.6216130256652832,-1.0,25.19259548187256,1541.570003271103,0.01
63,63,1.4823664426803589,-1.0,25.20787739753723,1566.7778806686401,0.01
64,64,1.739750862121582,-1.0,23.05301570892334,1589.8308963775635,0.01
65,65,1.654321312904358,-1.0,25.097379684448242,1614.9282760620117,0.01
66,66,1.5789546966552734,-1.0,24.605823755264282,1639.534099817276,0.01
67,67,2.110059976577759,-1.0,22.658983945846558,1662.1930837631226,0.01
68,68,1.695291519165039,-1.0,23.971540451049805,1686.1646242141724,0.01
69,69,1.1698600053787231,-1.0,24.0299072265625,1710.1945314407349,0.01
70,70,1.8592798709869385,39.03,23.266536712646484,1733.4610681533813,0.01
71,71,1.8488128185272217,-1.0,24.70093011856079,1758.1619982719421,0.01
72,72,1.5916788578033447,-1.0,28.85259222984314,1787.0145905017853,0.01
73,73,1.4205574989318848,-1.0,26.087003469467163,1813.1015939712524,0.01
74,74,1.507209062576294,-1.0,26.42085361480713,1839.5224475860596,0.01
75,75,1.6868977546691895,-1.0,26.318023681640625,1865.8404712677002,0.01
76,76,1.5733506679534912,-1.0,25.370410680770874,1891.210881948471,0.01
77,77,1.3717305660247803,-1.0,26.280930995941162,1917.4918129444122,0.01
78,78,1.3829892873764038,-1.0,26.332222938537598,1943.8240358829498,0.01
79,79,2.2898335456848145,-1.0,25.398784637451172,1969.222820520401,0.01
80,80,2.009889602661133,31.3,26.05953311920166,1995.2823536396027,0.01
81,81,2.009216785430908,-1.0,25.605607509613037,2020.8879611492157,0.01
82,82,2.0229740142822266,-1.0,26.402266025543213,2047.290227174759,0.01
83,83,1.612525224685669,-1.0,23.994728326797485,2071.2849555015564,0.01
84,84,1.3517093658447266,-1.0,24.856900691986084,2096.1418561935425,0.01
85,85,1.7047632932662964,-1.0,24.39967679977417,2120.5415329933167,0.01
86,86,2.10129976272583,-1.0,24.249152660369873,2144.7906856536865,0.01
87,87,1.5652238130569458,-1.0,22.981338024139404,2167.772023677826,0.01
88,88,1.8559999465942383,-1.0,23.3827965259552,2191.154820203781,0.01
89,89,1.5425312519073486,-1.0,25.14502716064453,2216.2998473644257,0.01
90,90,1.6993180513381958,34.06,24.590193510055542,2240.890040874481,0.01
91,91,2.3789384365081787,-1.0,23.960269451141357,2264.8503103256226,0.01
92,92,1.8225241899490356,-1.0,24.005438089370728,2288.8557484149933,0.01
93,93,1.6760430335998535,-1.0,24.265557050704956,2313.1213054656982,0.01
94,94,1.754836082458496,-1.0,26.82619071006775,2339.947496175766,0.01
95,95,2.1495361328125,-1.0,25.42268943786621,2365.370185613632,0.01
96,96,1.9483420848846436,-1.0,26.750555515289307,2392.1207411289215,0.01
97,97,1.8176966905593872,-1.0,25.725168228149414,2417.845909357071,0.01
98,98,1.8421897888183594,-1.0,25.346400260925293,2443.192309617996,0.01
99,99,1.853561520576477,-1.0,26.309213876724243,2469.5015234947205,0.01
100,100,1.541494607925415,36.0,25.856499910354614,2495.358023405075,0.01
101,101,1.738358736038208,-1.0,25.719011068344116,2521.077034473419,0.01
102,102,2.1455705165863037,-1.0,25.10901951789856,2546.1860539913177,0.01
103,103,1.7641915082931519,-1.0,26.170366764068604,2572.3564207553864,0.01
104,104,1.7753832340240479,-1.0,25.49728274345398,2597.8537034988403,0.01
105,105,2.098504066467285,-1.0,23.35263156890869,2621.206335067749,0.01
106,106,1.2138094902038574,-1.0,23.399195671081543,2644.6055307388306,0.01
107,107,1.7610607147216797,-1.0,23.514657974243164,2668.1201887130737,0.01
108,108,1.7950645685195923,-1.0,24.929041862487793,2693.0492305755615,0.01
109,109,1.9592506885528564,-1.0,24.369632959365845,2717.4188635349274,0.01
110,110,1.6912416219711304,35.49,23.586743116378784,2741.005606651306,0.01
111,111,1.5296680927276611,-1.0,24.967015743255615,2765.9726223945618,0.01
112,112,1.5835702419281006,-1.0,23.657336235046387,2789.629958629608,0.01
113,113,1.3843380212783813,-1.0,24.810364961624146,2814.4403235912323,0.01
114,114,1.6248035430908203,-1.0,24.83665442466736,2839.2769780158997,0.01
115,115,1.8849310874938965,-1.0,23.585797548294067,2862.8627755641937,0.01
116,116,1.7862915992736816,-1.0,23.406789541244507,2886.2695651054382,0.01
117,117,1.8128494024276733,-1.0,22.419156789779663,2908.688721895218,0.01
118,118,1.740439772605896,-1.0,23.241668462753296,2931.930390357971,0.01
119,119,1.4333566427230835,-1.0,27.329415559768677,2959.25980591774,0.01
120,120,1.5774729251861572,35.8,25.28018045425415,2984.539986371994,0.01
121,121,1.3983752727508545,-1.0,25.685078620910645,3010.2250649929047,0.01
122,122,1.7203471660614014,-1.0,25.85339117050171,3036.0784561634064,0.01
123,123,1.926368236541748,-1.0,27.8267560005188,3063.905212163925,0.01
124,124,1.409633994102478,-1.0,26.734362840652466,3090.6395750045776,0.01
125,125,1.6207152605056763,-1.0,26.923253774642944,3117.5628287792206,0.01
126,126,1.5828337669372559,-1.0,26.15756893157959,3143.7203977108,0.01
127,127,1.504045009613037,-1.0,26.170340061187744,3169.890737771988,0.01
128,128,1.7755308151245117,-1.0,25.47512722015381,3195.3658649921417,0.01
129,129,1.5129733085632324,-1.0,25.759370803833008,3221.1252357959747,0.01
130,130,1.6473159790039062,35.42,24.952873706817627,3246.0781095027924,0.01
131,131,1.9305411577224731,-1.0,26.332414865493774,3272.410524368286,0.01
132,132,1.5067299604415894,-1.0,24.41219139099121,3296.8227157592773,0.01
133,133,1.8331867456436157,-1.0,24.467560291290283,3321.2902760505676,0.01
134,134,1.9615734815597534,-1.0,23.875956535339355,3345.166232585907,0.01
135,135,1.541288137435913,-1.0,24.271925926208496,3369.4381585121155,0.01
136,136,1.6224406957626343,-1.0,22.718223094940186,3392.1563816070557,0.01
137,137,2.02087140083313,-1.0,24.690873384475708,3416.8472549915314,0.01
138,138,1.9103591442108154,-1.0,24.463273286819458,3441.310528278351,0.01
139,139,1.61405348777771,-1.0,23.891679286956787,3465.2022075653076,0.01
140,140,1.6630167961120605,33.83,23.332049131393433,3488.534256696701,0.01
141,141,1.8704026937484741,-1.0,24.328181266784668,3512.8624379634857,0.01
142,142,2.11641788482666,-1.0,22.459816694259644,3535.3222546577454,0.01
143,143,2.015437364578247,-1.0,25.374221324920654,3560.696475982666,0.01
144,144,1.7979954481124878,-1.0,23.03939127922058,3583.7358672618866,0.01
145,145,1.8405964374542236,-1.0,23.750248908996582,3607.486116170883,0.01
146,146,1.806325912475586,-1.0,22.589513540267944,3630.075629711151,0.01
147,147,1.837536334991455,-1.0,23.845143795013428,3653.9207735061646,0.01
148,148,1.702366828918457,-1.0,24.795750856399536,3678.716524362564,0.01
149,149,2.0177059173583984,-1.0,24.883437871932983,3703.599962234497,0.01
150,150,1.7278070449829102,31.49,25.345988988876343,3728.9459512233734,0.01
